302.547079 66.401526 325.065019 38.916224 4.135644 0.125000 33.191559 
188.542421 185.578977 181.401816 120.814991 5.087745 0.125000 75.051063 
325.051661 42.790230 315.524582 59.106627 5.310378 0.125000 11.723795 
125.815241 86.443353 150.900732 97.499380 4.265976 0.125000 37.599769 
360.068518 215.472825 357.741869 243.092726 4.667576 0.125000 21.945800 
193.124585 98.153283 208.121363 98.373116 4.999463 0.125000 7.514059 
147.028435 100.288545 123.120171 89.385590 5.286562 0.125000 27.106559 
356.140367 230.994183 335.792547 219.088644 4.154830 0.125000 13.448831 
249.099876 158.544874 264.553743 122.663615 3.972724 0.125000 35.583568 
267.592849 129.003922 258.278934 142.360693 4.411670 0.125000 10.212361 
237.809529 93.407473 257.729602 86.912345 4.753688 0.125000 6.399144 
154.148845 383.069173 159.671179 360.698112 4.569998 0.125000 13.992114 
164.666868 295.539596 159.345533 433.123860 4.609784 0.125000 206.130560 
149.642985 154.584767 131.334979 177.973846 4.110343 0.125000 24.055907 
333.812787 496.497234 324.400684 479.360893 4.876322 0.125000 6.780168 
152.107731 137.134898 165.329602 125.295119 4.114212 0.125000 10.212361 
167.114781 159.365525 168.945389 205.691371 4.551893 0.125000 55.316893 
172.922608 238.128738 175.023744 351.886105 4.537468 0.125000 143.246075 
189.198719 174.532241 210.412401 198.314637 4.638074 0.125000 18.965396 
186.462578 125.623992 186.410612 146.876921 3.795834 0.125000 10.881564 
150.761173 396.923036 137.475044 434.586670 4.848926 0.125000 40.683520 
125.649153 174.717225 138.909745 164.105644 5.075982 0.125000 8.137866 
124.354496 90.851406 109.364238 89.493828 3.960203 0.125000 11.155166 
214.124176 445.354109 187.701018 471.428636 4.519104 0.125000 25.209773 
262.662762 110.543842 276.173130 101.438287 5.160079 0.125000 3.647111 
203.888124 146.034877 192.124957 135.349822 3.115009 0.125000 6.902501 
190.274722 467.074294 198.601950 429.480647 4.348878 0.125000 39.969413 
166.483282 126.764166 161.855655 143.119526 4.107153 0.125000 4.253531 
198.938192 338.148402 191.968301 208.053032 4.569221 0.125000 184.733814 
281.706189 79.662839 298.534724 76.710271 3.349479 0.125000 0.243967 
346.592896 463.117173 367.087569 447.147806 4.059199 0.125000 26.693043 
98.752446 208.626348 128.682032 233.710365 4.507331 0.125000 41.378741 
196.562761 249.784861 215.055331 263.872779 3.693503 0.125000 13.818284 
166.759956 203.240873 160.487606 197.013383 3.560888 0.125000 0.894621 
239.825623 216.871536 239.453744 436.875133 4.964073 0.125000 294.343224 
159.128472 312.881115 169.309137 250.410557 5.053805 0.125000 71.469101 
142.808168 409.396249 134.334260 283.043900 4.501858 0.125000 152.741215 
131.541760 234.569575 141.160085 251.042431 4.412006 0.125000 9.844125 
197.307827 268.959268 215.625029 286.901121 4.574720 0.125000 16.826144 
170.961202 207.119813 177.941366 233.174197 3.471758 0.125000 29.165399 
155.264143 185.903503 162.900656 195.798145 3.194509 0.125000 1.862956 
392.775158 182.783162 399.591132 175.807586 3.596665 0.125000 0.204045 
140.647755 422.873231 134.701438 392.813158 5.187722 0.125000 17.031417 
279.534193 99.497086 269.191091 112.983960 2.117906 0.125000 0.927090 
333.939629 230.314988 325.768912 208.844538 4.001311 0.125000 23.955651 
403.924048 132.743834 395.347589 142.890519 4.182353 0.125000 6.263273 
345.360387 115.729259 364.890308 132.525835 3.942725 0.125000 17.638055 
277.171698 98.163900 279.168484 82.934036 3.718179 0.125000 3.119246 
220.899779 149.009964 196.730641 130.816777 4.488591 0.125000 21.730459 
178.448205 467.649591 144.711251 461.329948 4.762260 0.125000 28.703553 
154.756568 138.126326 154.827190 184.378127 3.805346 0.125000 46.877254 
244.602464 101.475859 234.903086 95.948344 3.106288 0.125000 1.756610 
327.904148 209.616703 336.466334 217.440262 4.693554 0.125000 1.306767 
305.579039 106.892087 298.135636 86.871046 4.521265 0.125000 15.275719 
137.891180 437.069184 152.615103 454.798463 4.319084 0.125000 19.626061 
165.508561 114.259515 174.842277 104.848690 3.557320 0.125000 4.477045 
317.604773 169.667650 307.422414 151.567056 4.902896 0.125000 6.014084 
180.544263 114.379471 189.064501 123.417704 3.690382 0.125000 0.798857 
392.679781 140.111912 401.650987 130.314463 3.076689 0.125000 1.031938 
267.724495 88.944674 254.699665 101.066911 4.258051 0.125000 8.808175 
125.640318 235.608559 119.177460 229.587018 2.868573 0.125000 0.397747 
345.476624 153.257948 354.964507 163.846786 3.336641 0.125000 8.610251 
188.142897 121.684979 194.454638 122.279439 2.840616 0.062500 0.481705 
399.425369 154.287262 388.805069 148.190374 3.713919 0.125000 0.009760 
306.840378 480.539469 341.055795 466.689231 4.469620 0.125000 38.579345 
351.563705 138.733077 360.524867 143.320598 2.766130 0.125000 0.100123 
126.948370 348.446529 116.631346 310.691582 4.486562 0.125000 40.587875 
138.793911 206.089639 152.692144 223.471112 4.488140 0.125000 13.717406 
231.347092 344.508351 237.357163 311.964043 5.409474 0.125000 36.321126 
172.427087 94.794170 177.946074 103.983220 4.070709 0.125000 1.375377 
295.005360 83.609457 336.022305 98.262891 4.877486 0.125000 37.422643 
191.273186 206.942505 188.888130 185.679612 5.247515 0.125000 14.847327 
193.614749 54.794606 178.606265 68.535340 3.532101 0.125000 18.891641 
282.954733 60.385662 310.070397 41.095412 3.527375 0.125000 34.143215 
348.481879 162.887012 340.980394 151.638003 3.120509 0.125000 0.572306 
229.550574 430.701735 199.254051 434.711047 3.954302 0.125000 21.170113 
108.040132 241.962093 93.473427 227.767440 4.316152 0.125000 5.736214 
286.195772 98.539904 266.202144 126.044537 3.670963 0.125000 28.228237 
310.899300 44.304772 286.576768 62.280075 4.283391 0.125000 33.638780 
221.737720 43.423647 236.912562 42.477320 3.742729 0.125000 6.420516 
138.882985 162.675918 152.032761 148.268995 3.692985 0.125000 17.128569 
129.064873 75.689437 161.351194 63.856414 4.848423 0.125000 30.430132 
184.802848 41.393546 172.344521 62.667950 3.945289 0.125000 13.448831 
176.424745 65.345331 194.469425 50.472941 3.805514 0.125000 12.156879 
93.516092 206.070282 123.755476 173.794563 4.552316 0.125000 40.208101 
387.704963 476.471765 380.361086 484.121642 3.606938 0.125000 1.031938 
170.177234 115.683323 173.121624 138.288258 4.150847 0.125000 18.639917 
237.214808 60.874764 242.348215 28.199343 4.215701 0.125000 25.795944 
335.756846 173.977133 353.803644 224.130804 4.419212 0.125000 53.004344 
213.015055 140.870278 226.797395 147.048132 2.517442 0.125000 2.620457 
229.269858 134.164684 254.770583 121.416289 4.473137 0.125000 19.658258 
133.053832 282.068049 129.946023 240.675979 4.922207 0.125000 39.249272 
166.044481 45.129963 180.316395 21.186126 4.977248 0.125000 20.050552 
202.344764 9.612654 177.595232 28.687633 4.559212 0.125000 23.048820 
215.934888 136.139046 232.420088 143.080470 3.012972 0.125000 1.306767 
166.775195 242.021352 151.028737 231.282972 4.083507 0.125000 14.904015 
242.962676 478.728803 305.618170 482.005592 5.792382 0.125000 83.014226 
357.734350 129.865415 346.431803 120.862153 3.314185 0.125000 5.306749 
128.043783 174.297519 96.921959 206.919799 4.230996 0.125000 42.513837 
145.453618 253.888748 171.938136 244.554132 4.087530 0.125000 22.031747 
240.824846 70.373061 239.270975 76.850044 3.354921 0.125000 0.397747 
381.989065 132.137052 390.789658 122.018206 4.018483 0.125000 0.060557 
120.953563 284.458719 122.139720 244.382835 4.775925 0.125000 34.922197 
165.498611 174.399453 160.144570 146.726109 5.226510 0.125000 18.244764 
377.287133 188.707603 366.694901 182.166647 4.190614 0.125000 5.441437 
97.334643 224.965469 106.014670 236.583881 3.763970 0.125000 10.301547 
262.418260 125.030132 249.483639 135.756011 3.379563 0.125000 7.235608 
228.112371 144.404456 214.233817 138.454304 2.625250 0.125000 1.862956 
306.834830 115.512623 266.612442 129.890488 4.623045 0.125000 38.639784 
360.115377 458.130018 328.727706 476.646652 4.608499 0.125000 32.225284 
182.302523 96.252141 195.180617 87.473127 3.473858 0.125000 4.798386 
250.592799 128.049906 227.965397 137.752801 4.270124 0.125000 16.792469 
361.977478 181.816126 351.397156 163.399521 4.358766 0.125000 9.930562 
94.808735 229.367967 95.002389 206.891175 5.064430 0.125000 8.815192 
173.252781 36.908130 166.257054 63.890701 4.167689 0.125000 24.210282 
335.123589 220.237375 344.410042 268.118204 4.744780 0.125000 56.750673 
209.016906 444.645285 229.078111 437.312738 3.862078 0.125000 18.926721 
267.687532 125.607629 300.197321 114.385987 4.276513 0.125000 31.029690 
233.077567 439.249512 215.017901 446.075850 4.520396 0.125000 9.078799 
307.507345 98.125633 307.522727 113.125618 2.510254 0.125000 4.353100 
420.672618 172.063019 406.838335 171.442710 4.026196 0.125000 3.406569 
151.914064 229.729648 138.068609 209.795948 4.450427 0.125000 20.814957 
189.045756 35.095346 204.348714 25.582714 3.557810 0.125000 11.241326 
366.469263 443.376774 334.123723 230.663210 5.124702 0.125000 273.972666 
153.082276 228.176823 161.359245 235.000591 3.401472 0.125000 1.772583 
309.368106 484.932126 256.845213 484.282216 4.860422 0.125000 63.495502 
172.002071 53.418965 185.801274 37.210855 3.910148 0.125000 11.665492 
247.255457 133.598173 261.100316 122.466149 2.942218 0.125000 7.749755 
356.609169 248.345640 354.393304 233.122336 4.047613 0.125000 7.606855 
360.062741 248.001271 373.203027 258.022689 4.683468 0.125000 7.276440 
160.275779 81.037062 169.067404 88.487946 3.378124 0.125000 2.620517 
371.209087 261.173419 356.941444 249.295190 3.998872 0.125000 11.014397 
186.960594 289.098201 176.167810 237.021564 4.058714 0.125000 61.462516 
206.963028 28.521349 191.337651 37.152175 4.345238 0.125000 9.074346 
323.856524 150.543674 318.761053 183.028699 4.431189 0.125000 25.317927 
393.393649 124.667325 386.213782 131.265672 3.532389 0.125000 6.719377 
257.222185 22.399997 223.437903 6.221587 4.366689 0.125000 35.084881 
328.679728 178.134776 328.151176 208.125461 3.639286 0.125000 31.619990 
193.524377 92.429906 185.027718 98.545119 3.935327 0.125000 1.862956 
397.198725 148.964808 404.251795 154.531113 3.304408 0.125000 0.034675 
215.717815 22.523067 225.692247 21.094543 3.534908 0.125000 3.625955 
218.320395 295.197413 234.277083 303.317418 3.869503 0.125000 10.019126 
254.234409 139.136120 235.936908 149.904968 4.690629 0.125000 11.437032 
274.073979 44.934112 258.171556 23.091106 4.405853 0.125000 17.862896 
288.584874 73.967054 301.805117 66.747041 3.789087 0.125000 6.420516 
385.055483 137.683919 366.070494 153.654577 4.129967 0.125000 10.401106 
260.314169 81.127458 235.454233 91.464309 4.033721 0.125000 13.806285 
171.002755 353.110056 170.222548 268.128695 3.050727 0.125000 115.100922 
177.979991 30.544427 174.205992 37.336535 3.399567 0.062500 0.051812 
155.361765 459.167529 188.287564 467.481171 4.884157 0.125000 27.487444 
234.276078 89.172213 258.903584 77.158612 4.439060 0.125000 20.651696 
110.571314 221.942746 103.530550 216.363238 3.105420 0.062500 0.526660 
168.255514 249.766512 145.755686 257.267027 4.743109 0.125000 12.915494 
313.667458 216.116895 327.114203 235.458702 4.017458 0.125000 12.681860 
217.267207 268.794226 199.729658 256.950809 3.887947 0.125000 16.429998 
236.886395 224.377054 248.665148 159.021783 5.099357 0.125000 74.339581 
313.472879 65.960800 302.403405 77.428461 3.628666 0.125000 7.914186 
370.996622 445.973576 363.744034 453.705646 2.795652 0.125000 0.100123 
393.259892 186.348375 378.088177 189.177533 3.686453 0.125000 3.643082 
285.679888 43.291538 323.221681 30.918342 4.708676 0.125000 41.261100 
310.587545 40.445329 328.107898 36.792964 3.109101 0.125000 1.110028 
235.003964 306.966732 216.703258 298.496044 3.675416 0.125000 17.128569 
349.799493 222.642361 332.907956 176.955246 4.788740 0.125000 44.711726 
192.364125 10.941489 216.921414 3.273648 4.621761 0.125000 15.888232 
262.416795 22.742052 277.429996 43.982721 4.451873 0.125000 16.826144 
299.468025 75.720698 312.767254 62.792888 2.017910 0.125000 0.894621 
358.698873 171.169972 365.435440 179.527789 3.515315 0.125000 2.620457 
372.359403 470.454372 361.492995 457.187895 4.927376 0.125000 3.979804 
118.895510 299.481626 132.786897 361.950185 4.884113 0.125000 70.940021 
197.976927 456.722619 209.367716 445.653873 2.841465 0.125000 8.052983 
323.211056 235.960113 309.897294 216.517350 4.786611 0.125000 12.489212 
187.559530 148.036279 190.828815 173.260594 4.155192 0.125000 31.570518 
227.053766 3.999776 256.843025 18.192114 3.869843 0.125000 33.638780 
405.575983 154.148551 419.485959 151.137608 4.030110 0.125000 6.420516 
181.413263 120.913394 175.166249 110.911529 3.708925 0.125000 1.375377 
193.235907 50.137035 188.415125 42.930911 3.124074 0.125000 2.203927 
230.957438 150.627292 221.543533 148.119062 4.589051 0.125000 0.009760 
257.861888 143.058309 243.559390 199.485105 5.271581 0.125000 59.360940 
306.089295 128.338312 312.612633 114.139602 4.266953 0.125000 9.212541 
213.396056 204.080479 192.602073 184.943196 4.118731 0.125000 20.684698 
280.623459 71.874462 285.055608 59.176261 3.651732 0.125000 2.388015 
325.414142 176.030299 337.808843 144.251688 4.576206 0.125000 27.872526 
196.275396 202.936497 213.887316 207.505042 4.166594 0.125000 11.014397 
309.984232 215.676750 307.962042 190.638161 4.279391 0.125000 19.440180 
348.796588 164.291647 352.405518 193.369438 4.038170 0.125000 25.813153 
151.992722 72.340975 126.711518 78.727892 4.528744 0.125000 20.395344 
178.588530 233.297249 190.655187 288.392158 4.535938 0.125000 66.662672 
254.586416 116.470622 240.708622 109.215056 3.952922 0.125000 8.742986 
166.456019 64.667582 152.030530 70.980402 3.721201 0.125000 3.894350 
325.551285 106.382785 338.175021 107.610784 3.093380 0.125000 1.031938 
253.375688 111.613673 260.403774 118.355615 2.779621 0.125000 4.010107 
236.879518 45.674057 221.777372 47.065042 3.619548 0.125000 0.359249 
181.138117 21.265115 193.018325 11.741923 3.506479 0.125000 12.065114 
312.088129 37.357459 291.657565 46.382795 3.802121 0.125000 16.687888 
327.703941 236.848006 328.694489 313.133836 3.733454 0.125000 79.199568 
403.213607 183.106194 412.475906 226.747466 4.666608 0.125000 41.240387 
317.500547 203.216862 315.841523 169.364389 4.846851 0.125000 32.728334 
280.183943 198.063891 279.276817 223.166623 3.160718 0.125000 27.207716 
103.189230 88.192454 110.244006 81.474881 3.103190 0.125000 0.034675 
409.831776 244.730042 398.932386 258.752563 3.835590 0.125000 5.966028 
132.560481 362.004980 133.890371 380.570174 3.472477 0.125000 19.623201 
219.458207 107.923307 228.257657 111.553440 2.639471 0.125000 0.397747 
202.983213 430.916527 235.692000 426.077914 4.719341 0.125000 32.270014 
346.894245 184.414281 346.254020 164.354924 2.618354 0.125000 17.556457 
365.382093 149.020148 378.823392 139.819180 3.530395 0.125000 10.301547 
199.491644 54.318626 205.809136 67.390135 3.413934 0.125000 11.333587 
163.144246 84.885035 121.889642 83.812041 3.716232 0.125000 41.545655 
235.626263 144.376302 246.421973 133.907812 3.671114 0.125000 0.665252 
343.125611 269.374904 370.700756 445.808525 4.248131 0.125000 268.083159 
161.995963 144.334059 166.813818 158.568780 3.606673 0.125000 7.087571 
341.127515 144.101026 328.485972 178.590986 3.988453 0.125000 32.990458 
224.102557 114.706612 214.453612 106.779315 4.139867 0.125000 0.060557 
331.446448 99.763156 315.625204 95.624219 5.097434 0.125000 7.844685 
130.765873 381.722195 127.193205 349.202713 3.864079 0.125000 40.921378 
156.604331 381.787357 151.733747 396.829262 3.601641 0.125000 10.330554 
311.195004 189.545655 313.498082 215.592011 3.811463 0.125000 28.176799 
329.442493 137.699144 324.883654 150.358019 4.046259 0.125000 4.201102 
311.932597 60.689328 298.088857 73.084633 2.501467 0.125000 2.992379 
339.258117 108.228985 345.743899 115.519221 3.632575 0.125000 0.927090 
337.622400 216.716905 349.963026 223.267164 3.516278 0.125000 2.992379 
354.025640 193.658120 360.900634 214.283122 4.348134 0.125000 18.639917 
198.740535 429.376049 198.591717 339.372161 3.843002 0.125000 147.950313 
192.088780 88.219311 221.543360 93.667835 5.101201 0.125000 20.829173 
212.631845 288.571569 199.808493 276.491766 3.481201 0.125000 11.174313 
218.561347 58.250503 216.808308 46.885287 2.700063 0.125000 0.034675 
316.418668 113.281383 309.113789 133.028372 5.170718 0.125000 8.109427 
170.774130 102.936228 155.892352 105.027507 4.583256 0.125000 0.175394 
363.545752 455.228480 373.828692 466.139845 3.533981 0.125000 13.384789 
124.962132 241.813299 126.056657 274.402484 4.451725 0.125000 24.559714 
266.882735 120.630544 283.052400 98.072959 2.184749 0.125000 7.410384 
321.977071 478.415079 309.288715 482.879785 3.602983 0.125000 8.708064 
213.335259 211.095760 196.616102 206.584499 3.716224 0.125000 9.031355 
309.201097 134.409682 314.954592 163.258703 4.893040 0.125000 18.330345 
407.804951 219.448598 399.721140 184.295402 4.325368 0.125000 41.691086 
429.041747 162.820315 421.269458 171.321369 2.827908 0.125000 1.756610 
163.584189 62.988384 166.555994 45.785833 3.740252 0.125000 10.406663 
216.240060 43.392356 211.086886 31.154170 3.819812 0.125000 3.805806 
215.060044 30.837270 219.639535 43.025607 3.808034 0.125000 3.805806 
315.278947 95.156877 304.021238 90.174293 3.803813 0.125000 2.992379 
134.044374 391.966185 130.984268 380.870661 3.074698 0.125000 2.620457 
411.515621 228.079642 409.477211 244.230133 3.732523 0.125000 16.605549 
194.541821 206.756150 198.021583 248.238532 4.058595 0.125000 53.747986 
203.171285 70.011534 196.456579 55.823017 5.054156 0.125000 3.712856 
275.920027 311.892470 274.524761 235.622260 3.475013 0.125000 67.520754 
116.703021 311.977127 119.212195 285.491157 4.034576 0.125000 22.413903 
124.942154 275.510177 120.955202 299.220333 3.927361 0.125000 28.176799 
141.851884 191.793442 152.092130 188.891093 3.427827 0.125000 2.620517 
146.648967 400.545040 152.846227 383.026383 3.190625 0.125000 11.174313 
168.837429 268.055044 165.395028 294.507741 3.718645 0.125000 21.889338 
255.863360 19.002830 262.317214 23.136261 3.536319 0.125000 0.100123 
133.901330 248.056497 144.276320 365.633708 5.127272 0.125000 136.393969 
215.487159 47.624971 199.424075 52.053025 3.615153 0.125000 11.174313 
200.757639 436.632055 196.582775 455.833246 3.664384 0.125000 17.128569 
398.112322 259.242075 371.862666 261.745676 4.682516 0.125000 17.677633 
394.324049 255.746813 406.365326 245.221995 4.824320 0.125000 4.554889 
197.689704 49.069428 215.216425 44.164918 4.334549 0.125000 9.321575 
234.620666 336.901578 229.765218 381.781983 3.829981 0.125000 46.064190 
242.725804 106.423365 252.725738 111.423497 3.222217 0.125000 4.353100 
236.318766 423.125772 236.414764 336.874488 2.565387 0.125000 97.335286 
374.381996 258.194134 394.429680 256.165318 4.486083 0.125000 12.687570 
134.804020 380.527597 141.317733 409.217724 3.656935 0.125000 20.814957 
354.517388 490.792221 348.426250 495.978790 3.524216 0.125000 0.979912 
187.751698 471.727035 179.142684 468.810826 3.551761 0.125000 3.625955 
221.916527 97.940212 194.401561 91.756810 4.357693 0.125000 13.845617 
318.122938 161.874400 325.649505 135.995677 3.949885 0.125000 20.814957 
336.096848 97.274202 340.692207 106.231788 3.365500 0.125000 0.927090 
380.606623 185.536972 391.886927 183.182135 3.670866 0.125000 6.091487 
124.371485 81.110603 159.376493 80.949638 2.620679 0.125000 36.521347 
164.378118 185.667561 164.034263 175.593963 2.754403 0.031250 2.044931 
260.193739 399.399368 265.291585 228.115077 4.722582 0.125000 236.254416 
110.781912 81.006377 127.947586 73.943793 4.762579 0.125000 13.471105 
189.287585 76.524905 180.757293 78.654831 3.013300 0.062500 0.051812 
379.535452 484.147127 370.421374 485.577843 2.885783 0.125000 0.979912 
324.221822 201.865662 325.829972 175.485096 4.382268 0.125000 31.619990 
348.125325 496.544932 335.625338 496.532611 2.509856 0.125000 4.010107 
378.175233 136.085299 354.441752 134.575604 4.139199 0.125000 11.437032 
154.384046 191.913443 139.334946 195.454790 4.151500 0.125000 1.294622 
155.458346 433.185300 158.317601 381.816144 3.883142 0.125000 66.419575 
364.128950 130.483779 379.746801 133.949550 4.607036 0.125000 8.292744 
225.863265 382.056982 230.454803 344.507036 3.901011 0.125000 47.699448 
356.641839 223.144022 355.012673 203.174956 3.203221 0.125000 16.407199 
223.036528 7.331422 201.909753 9.686729 4.008080 0.125000 18.093042 
246.176063 26.763467 240.800001 60.453458 3.992046 0.125000 36.941088 
324.834286 313.115588 324.414434 236.867900 4.107855 0.125000 75.626578 
277.558283 224.384244 278.944750 309.382018 4.830015 0.125000 110.126842 
151.858255 186.875402 151.109338 155.643360 3.599096 0.125000 20.230887 
323.664944 31.406647 336.894295 35.563593 4.258596 0.125000 1.865552 
266.972552 251.876777 263.238967 456.831535 4.586972 0.125000 251.430390 
353.820917 204.123544 346.962235 185.141816 3.852872 0.125000 17.177863 
221.653377 128.154188 221.972428 116.913244 2.782708 0.125000 4.353100 
158.642375 196.918531 145.711237 202.090608 4.642261 0.125000 2.912134 
134.212951 435.893904 137.922886 420.884002 3.940381 0.125000 13.723960 
319.434068 184.369234 321.270765 203.183985 2.731068 0.125000 5.441437 
235.885435 300.628640 236.934084 225.590888 4.632705 0.125000 91.302069 
158.238364 105.327671 147.167894 101.106800 4.226619 0.125000 10.335303 
248.004848 59.730363 256.995016 62.770041 3.569411 0.125000 2.742935 
291.924050 45.499948 274.348459 46.266280 4.073146 0.125000 11.014397 
150.886261 146.943428 153.497754 136.972629 3.627638 0.125000 2.620517 
273.305769 194.562626 276.290995 171.798415 6.359473 0.125000 24.086278 
166.040322 120.695897 167.355144 112.993582 3.287882 0.125000 0.100123 
138.523033 194.696702 132.338177 192.044773 2.821536 0.062500 0.397747 
257.332261 66.717666 245.687063 62.933987 3.596499 0.125000 1.185930 
272.919173 223.119718 270.963859 299.319544 3.717643 0.125000 56.279094 
276.873760 43.116184 284.573078 42.033182 3.539330 0.031250 3.019199 
283.230744 160.521281 279.930947 196.925393 7.585856 0.125000 48.484258 
400.297070 175.596408 401.152941 165.780015 4.170119 0.125000 1.031938 
244.100471 200.469449 242.181321 219.278714 3.857513 0.125000 20.621656 
143.329332 366.865612 144.879272 400.601832 3.860785 0.125000 34.462859 
406.312838 244.342965 407.665916 220.598839 3.996265 0.125000 29.074121 
207.281011 108.763125 198.146987 110.727250 3.133058 0.125000 0.034675 
307.873658 150.644557 306.215069 129.329086 3.850063 0.125000 27.781786 
150.622521 96.853920 172.017605 94.337419 3.797056 0.125000 5.908480 
200.418461 276.834193 203.132185 429.352631 5.239314 0.125000 191.486731 
218.043090 4.527812 225.663085 4.972741 2.860064 0.062500 2.805987 
159.239193 359.421820 160.155737 313.140462 3.749265 0.125000 68.651758 
274.147138 68.148039 272.495451 51.812267 3.605233 0.125000 13.799157 
276.299209 50.676862 277.872822 68.147714 3.286343 0.125000 9.488463 
260.437147 456.894872 259.659397 400.621069 4.371520 0.125000 63.532051 
165.639805 98.566442 155.651039 98.901434 1.584477 0.062500 0.481705 
269.824216 240.572702 272.273503 203.069390 3.904953 0.125000 20.519531 
192.003547 185.608982 193.594703 198.377997 3.875788 0.125000 3.188160 
236.807658 476.877358 236.722647 429.375273 2.582765 0.125000 43.960778 
276.558907 170.749241 277.417557 155.655866 4.636945 0.125000 11.480149 
213.088396 132.413802 228.188544 133.439646 3.741376 0.125000 12.931636 
268.624563 229.347314 267.886015 249.366183 1.479572 0.125000 1.300837 
255.854740 483.061101 239.238493 480.155694 3.754439 0.125000 17.278222 
198.562050 256.857704 198.961088 266.940849 2.745193 0.125000 0.100123 
268.676128 299.376703 268.819018 253.123282 1.377426 0.125000 44.089699 
275.174935 234.423506 277.525209 195.664427 2.268441 0.125000 12.687570 
226.346427 115.588183 225.306681 130.515762 3.827792 0.125000 3.643082 
240.277478 438.113349 240.745786 474.389578 2.967722 0.125000 60.001686 
275.845729 196.894772 273.604245 221.917929 2.248730 0.125000 16.056426 
