34.4 5.6 6 5 1 6.7 4.5 10.6 67.7 5 34.4 5.6 6 5 1 6.7 4.5 10.6 67.7 5
34.4 5.6 6 5 1 6.7 4.5 10.6 67.7 5
34.4 5.6 6 5 1 6.7 4.5 10.6 67.7 5
34.44 5.6 6 5 1.5 6.756 4.5 10.6 67.7 5
34.54 5.6 8 5 1 6.7 4.55 10.6 67.7 5
34.84 5.6 6 50.76 1 6.7 45.5 10.6 67.7 5
34.4 5.6 6 50 16 6.7 4.5 150.6 67.7 5
34.4 5.6 6 5 1 6.7 4.5 170.6 67.7 5
34.4 5.6 6 5 1 6.7 4.5 10.6 67.7 5

34.4 5.6 6 5 1 6.7 4.5 10.6 67.7 5 34.4 5.6 6 5 1 6.7 4.5 10.6 67.7 5
34.4 5.6 6 5 1 6.7 4.5 10.6 67.7 5
34.4 5.6 6 5 1 6.7 4.5 10.6 67.7 5
34.44 5.6 6 5 1.5 6.756 4.5 10.6 67.7 5
34.54 5.6 8 5 1 6.7 4.55 10.6 67.7 5
34.84 5.6 6 50.76 1 6.7 45.5 10.6 67.7 5
34.4 5.6 6 50 16 6.7 4.5 150.6 67.7 5
34.4 5.6 6 5 1 6.7 4.5 170.6 67.7 5
34.4 5.6 6 5 1 6.7 4.5 10.6 67.7 5


34.4 5.6 6 5 1 6.7 4.5 10.6 67.7 5 34.4 5.6 6 5 1 6.7 4.5 10.6 67.7 5
34.4 5.6 6 5 1 6.7 4.5 10.6 67.7 5
34.4 5.6 6 5 1 6.7 4.5 10.6 67.7 5
34.44 5.6 6 5 1.5 6.756 4.5 10.6 67.7 5
34.54 5.6 8 5 1 6.7 4.55 10.6 67.7 5
34.84 5.6 6 50.76 1 6.7 45.5 10.6 67.7 5
34.4 5.6 6 50 16 6.7 4.5 150.6 67.7 5
34.4 5.6 6 5 1 6.7 4.5 170.6 67.7 5
34.4 5.6 6 5 1 6.7 4.5 10.6 67.7 5

34.4 5.6 6 5 1 6.7 4.5 10.6 67.7 5 34.4 5.6 6 5 1 6.7 4.5 10.6 67.7 5
34.4 5.6 6 5 1 6.7 4.5 10.6 67.7 5
34.4 5.6 6 5 1 6.7 4.5 10.6 67.7 5
34.44 5.6 6 5 1.5 6.756 4.5 10.6 67.7 5
34.54 5.6 8 5 1 6.7 4.55 10.6 67.7 5
34.84 5.6 6 50.76 1 6.7 45.5 10.6 67.7 5
34.4 5.6 6 50 16 6.7 4.5 150.6 67.7 5
34.4 5.6 6 5 1 6.7 4.5 170.6 67.7 5
34.4 5.6 6 5 1 6.7 4.5 10.6 67.7 5

34.4 5.6 6 5 1 6.7 4.5 10.6 67.7 5 34.4 5.6 6 5 1 6.7 4.5 10.6 67.7 5
34.4 5.6 6 5 1 6.7 4.5 10.6 67.7 5
34.4 5.6 6 5 1 6.7 4.5 10.6 67.7 5
34.44 5.6 6 5 1.5 6.756 4.5 10.6 67.7 5
34.54 5.6 8 5 1 6.7 4.55 10.6 67.7 5
34.84 5.6 6 50.76 1 6.7 45.5 10.6 67.7 5
34.4 5.6 6 50 16 6.7 4.5 150.6 67.7 5
34.4 5.6 6 5 1 6.7 4.5 170.6 67.7 5
34.4 5.6 6 5 1 6.7 4.5 10.6 67.7 5
34.4 5.6 6 5 1 6.7 4.5 10.6 67.7 5 34.4 5.6 6 5 1 6.7 4.5 10.6 67.7 5
34.4 5.6 6 5 1 6.7 4.5 10.6 67.7 5
34.4 5.6 6 5 1 6.7 4.5 10.6 67.7 5
34.44 5.6 6 5 1.5 6.756 4.5 10.6 67.7 5
34.54 5.6 8 5 1 6.7 4.55 10.6 67.7 5
34.84 5.6 6 50.76 1 6.7 45.5 10.6 67.7 5
34.4 5.6 6 50 16 6.7 4.5 150.6 67.7 5
34.4 5.6 6 5 1 6.7 4.5 170.6 67.7 5
34.4 5.6 6 5 1 6.7 4.5 10.6 67.7 5
34.4 5.6 6 5 1 6.7 4.5 10.6 67.7 5 34.4 5.6 6 5 1 6.7 4.5 10.6 67.7 5
34.4 5.6 6 5 1 6.7 4.5 10.6 67.7 5
34.4 5.6 6 5 1 6.7 4.5 10.6 67.7 5
34.44 5.6 6 5 1.5 6.756 4.5 10.6 67.7 5
34.54 5.6 8 5 1 6.7 4.55 10.6 67.7 5
34.84 5.6 6 50.76 1 6.7 45.5 10.6 67.7 5

34.4 5.6 6 50 16 6.7 4.5 150.6 67.7 5
34.4 5.6 6 5 1 6.7 4.5 170.6 67.7 5
34.4 5.6 6 5 1 6.7 4.5 10.6 67.7 5
34.4 5.6 6 5 1 6.7 4.5 10.6 67.7 5 34.4 5.6 6 5 1 6.7 4.5 10.6 67.7 5
34.4 5.6 6 5 1 6.7 4.5 10.6 67.7 5
34.4 5.6 6 5 1 6.7 4.5 10.6 67.7 5
34.44 5.6 6 5 1.5 6.756 4.5 10.6 67.7 5
34.54 5.6 8 5 1 6.7 4.55 10.6 67.7 5
34.84 5.6 6 50.76 1 6.7 45.5 10.6 67.7 5
34.4 5.6 6 50 16 6.7 4.5 150.6 67.7 5
34.4 5.6 6 5 1 6.7 4.5 170.6 67.7 5
34.4 5.6 6 5 1 6.7 4.5 10.6 67.7 5

34.4 5.6 6 5 1 6.7 4.5 10.6 67.7 5 34.4 5.6 6 5 1 6.7 4.5 10.6 67.7 5
34.4 5.6 6 5 1 6.7 4.5 10.6 67.7 5
34.4 5.6 6 5 1 6.7 4.5 10.6 67.7 5
34.44 5.6 6 5 1.5 6.756 4.5 10.6 67.7 5
34.54 5.6 8 5 1 6.7 4.55 10.6 67.7 5
34.84 5.6 6 50.76 1 6.7 45.5 10.6 67.7 5
34.4 5.6 6 50 16 6.7 4.5 150.6 67.7 5
34.4 5.6 6 5 1 6.7 4.5 170.6 67.7 5
34.4 5.6 6 5 1 6.7 4.5 10.6 67.7 5

34.4 5.6 6 5 1 6.7 4.5 10.6 67.7 5 34.4 5.6 6 5 1 6.7 4.5 10.6 67.7 5
34.4 5.6 6 5 1 6.7 4.5 10.6 67.7 5
34.4 5.6 6 5 1 6.7 4.5 10.6 67.7 5
34.44 5.6 6 5 1.5 6.756 4.5 10.6 67.7 5
34.54 5.6 8 5 1 6.7 4.55 10.6 67.7 5
34.84 5.6 6 50.76 1 6.7 45.5 10.6 67.7 5
34.4 5.6 6 50 16 6.7 4.5 150.6 67.7 5
34.4 5.6 6 5 1 6.7 4.5 170.6 67.7 5
34.4 5.6 6 5 1 6.7 4.5 10.6 67.7 5

