chr22	39966757	40085740	uc003ayc.3	0	+	39966757	40082410	0	37	236,112,134,98,160,316,93,313,105,425,152,186,118,156,94,203,471,101,124,69,185,127,126,90,193,152,110,134,71,79,122,339,147,123,166,197,3975,	0,27398,29767,48557,63812,70114,72044,75816,77069,78748,87399,88178,88680,88944,89591,90355,91212,92023,92965,93338,93986,94745,95128,97539,99285,100050,101446,102196,103210,106588,107234,108354,108969,110177,111743,113549,115008,
chr22	39966757	40085740	uc003ayd.3	0	+	39966757	40082410	0	36	236,112,134,98,160,316,93,313,425,152,186,118,156,94,203,471,101,124,69,185,127,126,90,193,152,110,134,71,79,122,339,147,123,166,197,3975,	0,27398,29767,48557,63812,70114,72044,75816,78748,87399,88178,88680,88944,89591,90355,91212,92023,92965,93338,93986,94745,95128,97539,99285,100050,101446,102196,103210,106588,107234,108354,108969,110177,111743,113549,115008,
chr22	39994155	40081215	uc003aye.3	0	+	39994174	40080527	0	35	112,134,98,160,316,93,313,105,425,152,186,118,156,94,203,471,101,124,69,185,127,126,90,193,152,110,134,71,79,122,339,147,123,166,909,	0,2369,21159,36414,42716,44646,48418,49671,51350,60001,60780,61282,61546,62193,62957,63814,64625,65567,65940,66588,67347,67730,70141,71887,72652,74048,74798,75812,79190,79836,80956,81571,82779,84345,86151,
chr22	39994155	40081215	uc003ayf.3	0	+	39994174	40080527	0	34	112,134,98,160,316,93,313,425,152,186,118,156,94,203,471,101,124,69,185,127,126,90,193,152,110,134,71,79,122,339,147,123,166,909,	0,2369,21159,36414,42716,44646,48418,51350,60001,60780,61282,61546,62193,62957,63814,64625,65567,65940,66588,67347,67730,70141,71887,72652,74048,74798,75812,79190,79836,80956,81571,82779,84345,86151,
chr22	40139048	40289794	uc003ayg.3	0	-	40139683	40283752	0	7	1240,387,121,119,243,504,96,	0,22179,77949,92796,118721,144355,150650,
chr22	40297085	40367384	uc003ayh.2	0	+	40343110	40367088	0	8	249,92,92,120,169,231,123,476,	0,46011,54737,58973,64908,66960,68329,69823,
chr22	40297085	40367384	uc011aom.2	0	+	40297242	40367088	0	6	249,120,169,231,123,476,	0,58973,64908,66960,68329,69823,
chr22	40297085	40367384	uc011aon.2	0	+	40297242	40367088	0	5	249,169,231,123,476,	0,64908,66960,68329,69823,
chr22	40322609	40367384	uc010gya.2	0	+	40343110	40367088	0	8	248,92,92,120,169,231,123,476,	0,20487,29213,33449,39384,41436,42805,44299,
chr22	40322609	40367384	uc011aoo.2	0	+	40356104	40367088	0	7	248,92,120,169,231,123,476,	0,20487,33449,39384,41436,42805,44299,
chr22	40322609	40367384	uc011aop.2	0	+	40343110	40367088	0	7	248,92,92,169,231,123,476,	0,20487,29213,39384,41436,42805,44299,
chr22	40322609	40367384	uc011aoq.2	0	+	40356058	40367088	0	5	248,120,231,123,476,	0,33449,41436,42805,44299,
chr22	40342855	40367384	uc003ayj.2	0	+	40343110	40367088	0	7	333,92,120,169,231,123,476,	0,8967,13203,19138,21190,22559,24053,
chr22	40390952	40426043	uc003ayk.1	0	+	40391046	40425569	0	5	583,168,122,674,524,	0,24219,24938,26341,34567,
chr22	40428335	40432581	uc021wqa.1	0	+	40428335	40428335	0	1	4246,	0,
chr22	40440820	40731812	uc003aym.3	0	+	40521821	40719245	0	24	182,74,91,68,88,22,342,159,176,75,46,149,126,132,96,184,138,177,147,96,225,71,140,12955,	0,72238,80955,111298,201198,206362,217015,225305,228608,232260,233182,235178,240828,255638,256093,256333,263695,266000,267688,268085,270466,271125,276273,278037,
chr22	40441477	40731812	uc031rxt.1	0	+	40521821	40719245	0	24	115,74,91,68,88,22,342,159,176,75,46,149,126,132,96,184,138,177,147,96,225,71,140,12955,	0,71581,80298,110641,200541,205705,216358,224648,227951,231603,232525,234521,240171,254981,255436,255676,263038,265343,267031,267428,269809,270468,275616,277380,
chr22	40573928	40731812	uc011aor.2	0	+	40574139	40719245	0	23	216,88,22,342,2349,159,176,75,46,149,171,126,132,96,184,138,177,147,96,225,71,140,12955,	0,68090,73254,83907,86763,92197,95500,99152,100074,102070,103194,107720,122530,122985,123225,130587,132892,134580,134977,137358,138017,143165,144929,
chr22	40573928	40731812	uc003ayn.4	0	+	40574139	40719245	0	21	216,88,22,342,2349,176,75,46,149,126,132,96,184,138,177,147,96,225,71,140,12955,	0,68090,73254,83907,86763,95500,99152,100074,102070,107720,122530,122985,123225,130587,132892,134580,134977,137358,138017,143165,144929,
chr22	40660691	40717790	uc003ayo.3	0	+	40660822	40717237	0	17	2349,159,176,75,46,149,126,132,96,184,138,177,147,96,225,71,697,	0,5434,8737,12389,13311,15307,20957,35767,36222,36462,43824,46129,47817,48214,50595,51254,56402,
chr22	40742503	40762575	uc003ayp.4	0	+	40742562	40762526	0	13	212,204,45,80,172,47,91,70,148,91,90,177,136,	0,3332,6573,7748,12364,12760,13902,14773,14988,16481,17776,18380,19936,
chr22	40742503	40762575	uc003ays.4	0	+	40742562	40762526	0	12	212,204,45,80,172,47,91,70,148,91,90,136,	0,3332,6573,7748,12364,12760,13902,14773,14988,16481,17776,19936,
chr22	40754867	40759075	uc010gyb.1	0	+	40754867	40754867	0	6	172,47,91,255,179,91,	0,396,1538,2224,2624,4117,
chr22	40766594	40802553	uc010gyc.1	0	+	40796810	40802254	0	9	98,118,83,67,209,108,144,196,472,	0,30105,31002,31548,33656,33966,34550,35058,35487,
chr22	40766594	40805307	uc011aos.1	0	+	40800294	40805026	0	18	98,118,67,209,108,144,196,146,225,55,128,156,55,50,153,71,49,371,	0,30105,31548,33656,33966,34550,35058,35487,35847,36426,36610,36822,37198,37480,37686,38036,38203,38342,
chr22	40766594	40806293	uc003ayu.1	0	+	40796810	40805763	0	22	98,118,83,67,209,108,144,196,146,225,55,128,156,55,50,153,71,49,86,123,61,608,	0,30105,31002,31548,33656,33966,34550,35058,35487,35847,36426,36610,36822,37198,37480,37686,38036,38203,38342,38659,38874,39091,
chr22	40766594	40806293	uc011aot.1	0	+	40798179	40805763	0	21	98,118,67,147,108,144,196,146,225,55,128,156,55,50,75,71,49,86,123,61,608,	0,30105,31548,33718,33966,34550,35058,35487,35847,36426,36610,36822,37198,37480,37764,38036,38203,38342,38659,38874,39091,
chr22	40806291	40859438	uc003ayv.1	0	-	40807393	40859231	0	12	1620,61,153,1011,172,254,150,176,162,76,56,214,	0,6698,7053,8086,10117,10559,13248,13918,19318,21117,25211,52933,
chr22	40806291	41032690	uc003ayw.1	0	-	40807393	40859231	0	15	1620,61,153,1011,172,254,150,176,162,76,56,66,262,62,209,	0,6698,7053,8086,10117,10559,13248,13918,19318,21117,25211,52933,141818,184386,226190,
chr22	40806291	41032690	uc010gye.1	0	-	40807802	40859231	0	15	1620,71,153,1011,172,254,150,176,162,76,56,66,262,62,209,	0,6688,7053,8086,10117,10559,13248,13918,19318,21117,25211,52933,141818,184386,226190,
chr22	40806291	41032690	uc010gyf.1	0	-	40807393	40859231	0	14	1620,61,153,1011,172,254,176,162,76,56,66,262,62,209,	0,6698,7053,8086,10117,10559,13918,19318,21117,25211,52933,141818,184386,226190,
chr22	40806294	40808898	uc021wqb.1	0	-	40806294	40806294	0	1	2604,	0,
chr22	40859224	41032690	uc003ayy.1	0	-	40859224	40859224	0	3	66,262,209,	0,88885,173257,
chr22	41075181	41078818	uc003ayz.3	0	+	41075449	41077932	0	2	557,1866,	0,1771,
chr22	41075276	41078818	uc003aza.3	0	+	41076996	41077932	0	2	132,1866,	0,1676,
chr22	41077559	41077932	uc003azb.1	0	-	41077559	41077559	0	1	373,	0,
chr22	41165638	41215392	uc003azc.3	0	-	41166837	41215252	0	9	1347,83,96,146,117,152,67,61,194,	0,4302,7405,7593,9374,22890,24879,29388,49560,
chr22	41165638	41215392	uc010gyg.3	0	-	41165638	41165638	0	11	1347,83,96,146,117,137,152,67,61,175,194,	0,4302,7405,7593,9374,10123,22890,24879,29388,47568,49560,
chr22	41165638	41215392	uc011aou.2	0	-	41166837	41193291	0	10	1347,83,96,146,117,152,67,53,61,194,	0,4302,7405,7593,9374,22890,24879,27649,29388,49560,
chr22	41165638	41215392	uc003azd.3	0	-	41165638	41165638	0	8	1347,83,96,146,117,67,61,194,	0,4302,7405,7593,9374,24879,29388,49560,
chr22	41165638	41215392	uc011aov.2	0	-	41166837	41215252	0	7	1347,83,96,146,117,61,194,	0,4302,7405,7593,9374,29388,49560,
chr22	41209886	41209962	uc021wqc.1	0	-	41209886	41209886	0	1	76,	0,
chr22	41220600	41252687	uc003aze.3	0	-	41222541	41252544	0	12	2070,134,49,117,103,111,85,67,71,76,58,253,	0,2499,5029,6243,7972,10963,11206,16029,20242,23697,26226,31834,
chr22	41220600	41252687	uc011aow.2	0	-	41222541	41252544	0	12	2070,134,49,117,103,111,85,67,71,46,58,253,	0,2499,5029,6243,7972,10963,11206,16029,20242,23697,26226,31834,
chr22	41253084	41258785	uc003azf.2	0	+	41253185	41256785	0	3	165,116,1164,	0,3597,4537,
chr22	41253084	41258785	uc003azg.2	0	+	41253084	41253084	0	2	165,1164,	0,4537,
chr22	41253084	41305239	uc011aox.2	0	+	41253185	41303600	0	7	165,117,408,203,65,63,114,	0,11918,24689,29232,50045,50506,52041,
chr22	41253084	41328823	uc003azh.3	0	+	41253185	41322439	0	10	165,117,408,203,63,114,86,181,121,6551,	0,11918,24689,29232,50506,52041,57158,65252,67281,69188,
chr22	41253084	41328823	uc003azi.3	0	+	41277829	41322439	0	11	165,117,92,408,203,63,114,86,181,121,6551,	0,11918,12967,24689,29232,50506,52041,57158,65252,67281,69188,
chr22	41255553	41258130	uc003azj.3	0	-	41257068	41257998	0	1	2577,	0,
chr22	41258260	41282519	uc010gyh.1	0	+	41258260	41258260	0	5	423,117,408,294,203,	0,6742,19513,20676,24056,
chr22	41258260	41363888	uc011aoy.1	0	+	41258260	41258260	0	14	423,117,408,203,63,114,86,181,121,195,79,160,71,86,	0,6742,19513,24056,45330,46865,51982,60076,62105,64012,91298,93030,101790,105542,
chr22	41347350	41369019	uc003azk.3	0	+	41347402	41368492	0	5	130,79,71,86,540,	0,2208,12700,16452,21129,
chr22	41488516	41488570	uc021wqd.1	0	+	41488516	41488516	0	1	54,	0,
chr22	41488613	41576081	uc003azl.4	0	+	41489008	41574960	0	31	489,635,177,262,114,246,94,138,118,175,78,110,138,438,180,145,119,240,89,81,57,78,68,151,147,114,166,165,162,282,3305,	0,24577,33254,34877,37280,38778,43203,45043,47530,48438,54129,55227,56428,57151,59223,59596,62385,64559,65802,68032,70113,71443,73989,75839,76111,76893,77796,79889,81013,83637,84163,
chr22	41581218	41593505	uc003azm.3	0	-	41581218	41581218	0	3	1109,40,228,	0,10267,12059,
chr22	41601312	41623873	uc010gyi.1	0	+	41609907	41623359	0	14	78,238,176,124,80,118,135,89,232,77,105,148,83,781,	0,4387,8542,10830,11814,14110,15425,15890,18711,19416,19658,20485,21353,21780,
chr22	41601312	41627275	uc003azo.3	0	+	41601366	41626255	0	17	78,238,134,124,80,118,135,89,232,77,105,148,83,235,66,117,1133,	0,4387,8584,10830,11814,14110,15425,15890,18711,19416,19658,20485,21353,21780,22495,24231,24830,
chr22	41601312	41627275	uc003azn.3	0	+	41601312	41601312	0	18	78,238,134,124,80,118,135,89,232,77,105,148,83,235,105,66,117,1133,	0,4387,8584,10830,11814,14110,15425,15890,18711,19416,19658,20485,21353,21780,22266,22495,24231,24830,
chr22	41605125	41613360	uc003azp.1	0	-	41605125	41605125	0	3	830,1074,325,	0,4508,7910,
chr22	41625513	41636935	uc003azq.4	0	-	41625707	41636885	0	6	221,199,167,1710,178,58,	0,5635,6974,7666,9933,11364,
chr22	41625513	41636935	uc010gyj.3	0	-	41625707	41636885	0	6	221,52,86,1710,178,58,	0,5635,7055,7666,9933,11364,
chr22	41641614	41676770	uc011aoz.2	0	-	41642606	41676740	0	15	1062,122,89,103,120,187,85,100,114,159,180,60,128,23,89,	0,3719,4118,5396,7261,8697,10410,10580,11100,12337,19053,22486,28989,31864,35067,
chr22	41641614	41678518	uc003azs.3	0	-	41642606	41677048	0	15	1062,122,89,103,120,187,85,100,114,159,135,180,60,128,1582,	0,3719,4118,5396,7261,8697,10410,10580,11100,12337,15835,19053,22486,28989,35322,
chr22	41641614	41681969	uc003azt.3	0	-	41642606	41677048	0	17	1062,122,89,103,120,187,85,100,114,159,135,180,60,128,150,253,422,	0,3719,4118,5396,7261,8697,10410,10580,11100,12337,15835,19053,22486,28989,35322,39290,39933,
chr22	41641614	41682216	uc003azu.3	0	-	41642606	41677048	0	16	1062,122,89,103,120,187,85,100,114,159,135,180,60,128,150,227,	0,3719,4118,5396,7261,8697,10410,10580,11100,12337,15835,19053,22486,28989,35322,40375,
chr22	41697506	41732847	uc003azv.2	0	+	41716664	41728276	0	7	270,59,34,198,159,81,4673,	0,19152,24061,24218,25703,28520,30668,
chr22	41697506	41756151	uc003azw.4	0	+	41716664	41753433	0	23	270,59,34,198,159,81,57,43,191,322,59,100,162,206,101,182,86,134,106,109,134,164,2971,	0,19152,24061,24218,25703,28520,30668,36810,37498,38313,39585,41026,41912,44500,46564,47617,50058,53966,54254,54451,54840,55142,55674,
chr22	41763336	41795332	uc003azx.4	0	+	41763536	41791964	0	4	267,318,221,3584,	0,20018,26763,28412,
chr22	41777932	41790320	uc021wqe.2	0	+	41778048	41790320	0	2	273,221,	0,12167,
chr22	41777932	41795332	uc003azy.4	0	+	41778048	41791964	0	4	273,318,221,3584,	0,5422,12167,13816,
chr22	41777932	41795332	uc011apa.3	0	+	41778048	41791964	0	4	273,333,221,3584,	0,5407,12167,13816,
chr22	41829491	41843027	uc003azz.1	0	-	41832314	41833349	0	2	3920,645,	0,12891,
chr22	41832314	41833349	uc021wqf.1	0	-	41832314	41833349	0	1	1035,	0,
chr22	41855720	41864708	uc003bab.3	0	-	41856401	41864657	0	4	771,167,24,103,	0,7731,8407,8885,
chr22	41865128	41924993	uc003bac.3	0	+	41865150	41924617	0	18	58,137,259,93,159,151,105,92,106,158,74,112,123,156,192,133,122,511,	0,30601,38666,42751,46252,46642,48402,49356,51046,53705,54080,54705,55721,56068,57137,58163,58776,59354,
chr22	41921802	41940476	uc003baf.3	0	-	41925286	41940105	0	7	3538,202,64,87,97,131,45,	0,4888,6295,6860,14900,18192,18629,
chr22	41921802	41940479	uc003bag.2	0	-	41925286	41940105	0	6	3538,202,64,87,97,485,	0,4888,6295,6860,14900,18192,
chr22	41921802	41940479	uc003bai.2	0	-	41925286	41940105	0	5	3538,202,64,97,485,	0,4888,6295,14900,18192,
chr22	41935161	41940476	uc003baj.2	0	-	41936544	41940105	0	3	1638,131,45,	0,4833,5270,
chr22	41957013	41972670	uc003bak.1	0	+	41967969	41970899	0	4	174,299,123,1934,	0,10833,12645,13723,
chr22	41972889	41985871	uc003bal.2	0	-	41973321	41985809	0	8	555,116,76,100,92,77,118,149,	0,922,1920,7073,7395,7641,9190,12833,
chr22	41994031	42017061	uc003bam.2	0	-	41997100	42016843	0	6	3163,123,110,70,22,306,	0,5231,6016,9234,9812,22724,
chr22	41994031	42017061	uc011apb.2	0	-	41994031	41994031	0	4	3163,123,110,306,	0,5231,6016,22724,
chr22	42017294	42060052	uc003bao.1	0	+	42018008	42059819	0	13	55,97,113,139,255,184,187,169,162,130,101,114,427,	0,699,6827,14822,15225,16317,25605,29432,32238,35612,36961,40040,42331,
chr22	42017294	42060052	uc003bap.1	0	+	42018008	42059819	0	13	55,97,113,16,255,184,187,169,162,130,101,114,427,	0,699,6827,14945,15225,16317,25605,29432,32238,35612,36961,40040,42331,
chr22	42017294	42060052	uc011apc.1	0	+	42018045	42059819	0	12	55,97,139,255,184,187,169,162,130,101,114,427,	0,699,14822,15225,16317,25605,29432,32238,35612,36961,40040,42331,
chr22	42017353	42060052	uc003bar.2	0	+	42018008	42059819	0	12	737,113,139,255,184,187,169,162,130,101,114,427,	0,6768,14763,15166,16258,25546,29373,32179,35553,36902,39981,42272,
chr22	42069936	42084913	uc003bat.4	0	-	42070936	42078362	0	4	1263,121,232,116,	0,6311,8423,14861,
chr22	42069936	42084913	uc003bav.3	0	-	42070936	42084800	0	3	1263,121,116,	0,6311,14861,
chr22	42086546	42094140	uc003bax.1	0	+	42086631	42089982	0	2	301,4674,	0,2920,
chr22	42090412	42094139	uc021wqg.1	0	+	42090412	42090412	0	1	3727,	0,
chr22	42095517	42142268	uc003bay.3	0	+	42095542	42142060	0	14	199,124,51,74,106,204,131,115,117,100,135,115,92,380,	0,3817,5990,14488,16527,18557,24429,30151,31007,32731,32955,43566,45459,46371,
chr22	42095517	42195459	uc003baz.1	0	+	42095542	42195303	0	31	199,124,51,74,106,204,131,115,117,100,135,115,92,142,112,61,98,169,148,276,166,105,111,161,82,176,82,107,132,113,202,	0,3817,5990,14488,16527,18557,24429,30151,31007,32731,32955,43566,45459,46371,48593,53077,54435,58851,63660,71172,76588,79194,81770,82171,84825,85094,94315,94857,95897,96221,99740,
chr22	42095517	42195459	uc011apd.1	0	+	42095517	42095517	0	33	199,124,51,74,106,204,131,115,117,100,135,92,380,112,30,61,98,213,29,169,148,276,166,226,111,161,82,176,82,107,132,113,202,	0,3817,5990,14488,16527,18557,24429,30151,31007,32731,32955,45459,46371,48593,51411,53077,54435,54943,55844,58851,63660,71172,76588,79194,81770,82171,84825,85094,94315,94857,95897,96221,99740,
chr22	42120358	42354544	uc003bba.1	0	+	42354226	42354544	0	2	3,326,	0,233860,
chr22	42148062	42195459	uc003bbb.1	0	+	42149995	42195303	0	17	593,98,183,98,90,276,166,105,111,161,82,176,82,107,132,113,202,	0,1890,6306,7290,11173,18627,24043,26649,29225,29626,32280,32549,41770,42312,43352,43676,47195,
chr22	42148062	42195459	uc003bbc.1	0	+	42149995	42195303	0	16	593,98,169,148,276,166,105,111,161,82,176,82,107,132,113,202,	0,1890,6306,11115,18627,24043,26649,29225,29626,32280,32549,41770,42312,43352,43676,47195,
chr22	42148062	42195459	uc010gym.1	0	+	42149995	42195303	0	15	593,98,169,148,276,166,111,161,82,176,82,107,132,113,202,	0,1890,6306,11115,18627,24043,29225,29626,32280,32549,41770,42312,43352,43676,47195,
chr22	42154368	42195459	uc003bbd.1	0	+	42166692	42195303	0	13	169,276,166,105,111,161,82,176,82,107,42,113,202,	0,12321,17737,20343,22919,23320,25974,26243,35464,36006,37046,37370,40889,
chr22	42170184	42195459	uc010gyn.1	0	+	42170184	42170184	0	11	318,166,105,111,161,82,82,107,132,113,202,	0,1921,4527,7103,7504,10158,19648,20190,21230,21554,25073,
chr22	42172050	42195459	uc003bbe.1	0	+	42172050	42172050	0	11	221,170,111,161,82,176,82,184,132,113,202,	0,2661,5237,5638,8292,8561,17782,18247,19364,19688,23207,
chr22	42177368	42190481	uc011apf.1	0	+	42177720	42189949	0	4	481,82,176,649,	0,2974,3243,12464,
chr22	42177368	42190481	uc010gyo.1	0	+	42177720	42189885	0	3	481,82,649,	0,2974,12464,
chr22	42177368	42195459	uc003bbg.2	0	+	42177720	42195303	0	7	481,82,176,82,107,113,202,	0,2974,3243,12464,13006,14370,17889,
chr22	42196677	42222303	uc003bbh.1	0	+	42204894	42221827	0	7	93,119,122,85,182,72,602,	0,8201,9205,9533,12590,13077,25024,
chr22	42196677	42222303	uc011apg.1	0	+	42204894	42221827	0	4	93,119,122,602,	0,8201,9205,25024,
chr22	42222470	42222500	uc011aph.1	0	+	42222470	42222470	0	1	30,	0,
chr22	42229105	42302375	uc003bbi.3	0	+	42229274	42301664	0	19	257,450,182,147,222,115,182,193,182,277,170,169,118,110,133,169,186,112,932,	0,33729,35509,37787,40696,42235,42441,44127,44840,47614,51740,60015,61718,63950,65547,67228,69868,71761,72338,
chr22	42266892	42302375	uc003bbj.3	0	+	42266892	42266892	0	19	147,222,115,182,193,182,100,277,170,169,118,110,133,317,103,169,186,112,932,	0,2909,4448,4654,6340,7053,7770,9827,13953,22228,23931,26163,27760,28348,29131,29441,32081,33974,34551,
chr22	42296947	42297016	uc011api.1	0	+	42296947	42296947	0	1	69,	0,
chr22	42305557	42310671	uc021wqh.1	0	-	42305768	42310671	0	4	594,147,134,530,	0,854,1662,4584,
chr22	42321035	42322821	uc003bbl.2	0	-	42321370	42322777	0	3	523,231,180,	0,1069,1606,
chr22	42321035	42322821	uc010gyp.1	0	-	42321370	42322777	0	3	523,234,180,	0,1069,1606,
chr22	42334740	42336223	uc010gyq.3	0	-	42335059	42336178	0	2	460,81,	0,1402,
chr22	42334740	42343148	uc003bbn.3	0	-	42335059	42343080	0	6	460,92,80,93,80,125,	0,4873,6488,7176,7680,8283,
chr22	42334740	42343148	uc003bbo.3	0	-	42335186	42343080	0	5	460,80,93,80,125,	0,6488,7176,7680,8283,
chr22	42340180	42343148	uc003bbp.1	0	-	42341139	42343080	0	4	1128,93,80,125,	0,1736,2240,2843,
chr22	42348190	42354946	uc003bbq.4	0	+	42348190	42348190	0	2	235,1271,	0,5485,
chr22	42372930	42394225	uc003bbr.4	0	+	42373068	42392971	0	11	148,192,129,82,138,118,96,100,52,94,1320,	0,4718,9057,10279,10695,12640,14646,15737,17363,17694,19975,
chr22	42372930	42394225	uc003bbs.4	0	+	42373068	42390760	0	10	148,192,129,82,138,118,96,100,52,3601,	0,4718,9057,10279,10695,12640,14646,15737,17363,17694,
chr22	42372930	42394225	uc011apj.2	0	+	42373068	42390760	0	9	148,129,82,138,118,96,100,52,3601,	0,9057,10279,10695,12640,14646,15737,17363,17694,
chr22	42372930	42394225	uc010gys.3	0	+	42385595	42392971	0	9	148,192,138,43,87,100,52,94,1320,	0,4718,10695,12640,14655,15737,17363,17694,19975,
chr22	42394728	42424477	uc003bbt.3	0	+	42394822	42423185	0	6	156,109,142,93,108,1708,	0,20586,20937,21279,23524,28041,
chr22	42394728	42424477	uc011apk.2	0	+	42416078	42423185	0	4	156,93,108,1708,	0,21279,23524,28041,
chr22	42394728	42454460	uc003bbu.2	0	+	42394728	42394728	0	9	156,109,142,93,108,497,88,104,167,	0,20586,20937,21279,23524,28041,31214,31995,59565,
chr22	42415665	42428654	uc003bbv.1	0	+	42415665	42415665	0	7	142,93,108,497,88,104,20,	0,342,2587,7104,10277,11058,12969,
chr22	42454337	42466846	uc003bbw.4	0	-	42456282	42466301	0	9	2080,144,198,162,95,178,172,136,561,	0,2590,4493,7404,8376,8779,9431,10105,11948,
chr22	42470254	42475442	uc003bbz.3	0	+	42473297	42474077	0	3	91,82,2159,	0,1320,3029,
chr22	42473297	42474077	uc021wqi.1	0	+	42473297	42474077	0	1	780,	0,
chr22	42475694	42480288	uc003bca.3	0	+	42475772	42478066	0	3	264,141,1166,	0,2234,3428,
chr22	42481529	42486888	uc003bcb.3	0	-	42482186	42486826	0	3	789,116,279,	0,1534,5080,
chr22	42486936	42521412	uc021wqj.1	0	+	42486936	42486936	0	5	249,304,114,516,533,	0,364,1186,33115,33943,
chr22	42486936	42532702	uc003bcd.1	0	+	42486936	42486936	0	6	249,304,114,516,533,495,	0,364,1186,33115,33943,45271,
chr22	42522500	42525911	uc010gyu.3	0	-	42522575	42523910	0	7	254,142,188,93,177,161,172,	0,352,948,1343,1675,2285,3239,
chr22	42522500	42526883	uc003bce.3	0	-	42522575	42526793	0	9	254,142,188,142,177,161,153,172,270,	0,352,948,1343,1675,2285,2534,3239,4113,
chr22	42522500	42526883	uc003bcf.3	0	-	42522575	42526793	0	8	254,142,188,142,177,161,172,270,	0,352,948,1343,1675,2285,3239,4113,
chr22	42536213	42537685	uc003bcg.3	0	-	42536288	42537296	0	3	254,142,524,	0,352,948,
chr22	42536213	42539582	uc010gyv.3	0	-	42536288	42537610	0	7	254,142,188,93,177,161,172,	0,352,948,1330,1664,2266,3197,
chr22	42536213	42540575	uc003bci.3	0	-	42536288	42539492	0	9	254,142,188,142,177,161,153,172,291,	0,352,948,1330,1664,2266,2515,3197,4071,
chr22	42536213	42540575	uc010gyw.3	0	-	42536213	42536213	0	9	254,142,245,142,177,161,153,172,291,	0,352,948,1330,1664,2266,2515,3197,4071,
chr22	42536565	42538054	uc021wqk.1	0	-	42536565	42536565	0	4	142,188,51,177,	0,596,1069,1312,
chr22	42537161	42540575	uc010gyx.1	0	-	42537427	42539492	0	6	524,177,161,153,172,291,	0,716,1318,1567,2249,3123,
chr22	42556018	42611445	uc003bcj.1	0	-	42564658	42611311	0	5	1346,128,50,94,5789,	0,8596,9834,19596,49638,
chr22	42556018	42611445	uc003bck.1	0	-	42557346	42611311	0	4	1346,50,94,5789,	0,9834,19596,49638,
chr22	42665758	42670868	uc003bcl.3	0	+	42665758	42665758	0	2	273,969,	0,4141,
chr22	42760534	42765180	uc003bcm.4	0	-	42761103	42764940	0	2	616,460,	0,4186,
chr22	42776413	42828401	uc003bcn.4	0	-	42781166	42828363	0	6	4813,90,99,113,330,159,	0,6581,17450,29027,30999,51829,
chr22	42896584	42908566	uc011apl.2	0	+	42896584	42896584	0	11	114,150,114,42,20,75,110,83,94,112,443,	0,1046,1340,1772,2170,2620,4454,8449,10052,11237,11539,
chr22	42896584	42908566	uc021wql.1	0	+	42896584	42896584	0	10	114,150,114,418,75,110,83,94,112,443,	0,1046,1340,1772,2620,4454,8449,10052,11237,11539,
chr22	42904340	42912921	uc003bcp.3	0	-	42908915	42912427	0	5	4661,199,98,118,905,	0,5771,6347,6816,7676,
chr22	42904340	42915829	uc003bcq.3	0	-	42908915	42915792	0	7	4661,199,98,118,126,143,110,	0,5771,6347,6816,7676,9670,11379,
chr22	42949924	42967907	uc011apn.1	0	+	42950026	42967213	0	10	124,150,114,20,75,110,80,93,35,781,	0,1019,1313,2145,2595,4429,6267,9470,12385,17202,
chr22	42949924	42970388	uc003bcr.3	0	+	42950026	42970061	0	12	124,150,114,42,20,75,110,80,35,83,94,447,	0,1019,1313,1745,2145,2595,4429,6267,12385,17202,18517,20017,
chr22	42949924	42970388	uc010gyz.3	0	+	42950026	42970061	0	10	124,114,20,75,110,80,35,83,94,447,	0,1313,2145,2595,4429,6267,12385,17202,18517,20017,
chr22	42949924	42970388	uc010gyy.3	0	+	42949924	42949924	0	11	124,150,114,42,20,75,110,80,781,94,447,	0,1019,1313,1745,2145,2595,4429,6267,17202,18517,20017,
chr22	42949924	42970388	uc011apo.2	0	+	42949924	42949924	0	11	124,150,114,42,36,75,110,80,781,94,447,	0,1019,1313,1745,2129,2595,4429,6267,17202,18517,20017,
chr22	42951228	42978017	uc003bcs.3	0	-	42951228	42951228	0	8	1452,139,196,98,118,119,143,83,	0,19457,20708,21289,21758,22621,24994,26706,
chr22	42969265	42978017	uc003bct.3	0	-	42969265	42969265	0	7	1559,196,98,118,119,143,83,	0,2671,3252,3721,4584,6957,8669,
chr22	42979726	42999166	uc011app.2	0	-	42981966	42998937	0	7	2248,130,78,180,96,138,391,	0,8234,11816,12465,15977,18249,19049,
chr22	42979726	43010962	uc003bcu.3	0	-	42981796	43010863	0	9	2248,67,130,78,180,96,87,391,158,	0,3785,8234,11816,12465,15977,18249,19049,31078,
chr22	42979726	43010962	uc003bcv.3	0	-	42981796	43010863	0	8	2248,67,130,78,180,96,391,158,	0,3785,8234,11816,12465,15977,19049,31078,
chr22	42979726	43010962	uc011apq.2	0	-	42981796	43010863	0	9	2248,67,130,78,180,96,138,391,158,	0,3785,8234,11816,12465,15977,18249,19049,31078,
chr22	42979726	43010962	uc010gza.3	0	-	42979726	42979726	0	9	2248,67,130,67,180,96,87,391,158,	0,3785,8234,11816,12465,15977,18249,19049,31078,
chr22	42979726	43010962	uc011apr.2	0	-	42979726	42979726	0	6	2248,130,78,166,391,158,	0,8234,11816,12465,19049,31078,
chr22	43011250	43011399	uc021wqm.1	0	+	43011250	43011250	0	1	149,	0,
chr22	43013845	43040640	uc011aps.2	0	-	43015778	43040515	0	9	2106,100,86,84,130,107,73,132,245,	0,5949,9464,9765,10312,13042,13538,18875,26550,
chr22	43013845	43042995	uc021wqn.1	0	-	43015778	43032804	0	10	2106,100,86,84,130,107,73,132,61,104,	0,5949,9464,9765,10312,13042,13538,18875,28801,29046,
chr22	43013845	43042995	uc003bcy.3	0	-	43015778	43032804	0	9	2106,100,86,84,130,107,73,132,104,	0,5949,9464,9765,10312,13042,13538,18875,29046,
chr22	43013845	43042995	uc003bcx.3	0	-	43015778	43032804	0	9	2106,100,86,84,130,107,73,132,349,	0,5949,9464,9765,10312,13042,13538,18875,28801,
chr22	43013845	43045405	uc003bcz.3	0	-	43015778	43045321	0	9	2106,100,86,84,130,107,73,132,105,	0,5949,9464,9765,10312,13042,13538,18875,31455,
chr22	43019890	43019952	uc011apt.1	0	-	43019890	43019890	0	1	62,	0,
chr22	43035808	43036607	uc003bda.1	0	-	43035977	43036280	0	1	799,	0,
chr22	43088126	43116876	uc003bdb.3	0	-	43088895	43089957	0	3	1877,141,74,	0,3370,28676,
chr22	43088126	43116876	uc021wqo.1	0	-	43088895	43089957	0	3	1877,57,74,	0,3454,28676,
chr22	43088126	43116876	uc021wqp.1	0	-	43088895	43089957	0	2	1877,74,	0,28676,
chr22	43088126	43117286	uc010gzd.3	0	-	43088895	43089957	0	3	1877,141,116,	0,3370,29044,
chr22	43088895	43089957	uc021wqq.1	0	-	43088895	43089957	0	1	1062,	0,
chr22	43114251	43116876	uc021wqr.1	0	-	43114251	43114251	0	2	341,74,	0,2551,
chr22	43172869	43172890	uc021wqs.1	0	-	43172869	43172869	0	1	21,	0,
chr22	43182195	43182228	uc003bdc.2	0	-	43182195	43182195	0	1	33,	0,
chr22	43192531	43253408	uc003bdd.2	0	-	43193593	43253188	0	16	1080,122,91,124,132,123,129,140,47,60,88,84,132,73,119,289,	0,2513,10547,12241,14287,20616,21203,25744,27130,30414,35023,37716,38836,44418,50988,60588,
chr22	43192531	43253408	uc010gzf.2	0	-	43193593	43253188	0	15	1080,122,91,124,132,123,129,140,47,60,88,84,73,119,289,	0,2513,10547,12241,14287,20616,21203,25744,27130,30414,35023,37716,44418,50988,60588,
chr22	43213147	43253408	uc011apu.1	0	-	43213149	43253188	0	9	123,129,140,47,60,88,73,119,289,	0,587,5128,6514,9798,14407,23802,30372,39972,
chr22	43265771	43343047	uc010gzg.3	0	-	43267362	43308086	0	11	1704,197,123,122,121,176,156,236,157,137,145,	0,6371,7122,9282,12418,14620,18877,21181,23691,42255,77131,
chr22	43265771	43355887	uc003bdf.4	0	-	43267362	43308086	0	10	1704,197,122,121,176,156,236,157,137,83,	0,6371,9282,12418,14620,18877,21181,23691,42255,90033,
chr22	43265771	43411184	uc003bdg.4	0	-	43267362	43308086	0	11	1704,197,123,122,121,176,156,236,157,137,158,	0,6371,7122,9282,12418,14620,18877,21181,23691,42255,145255,
chr22	43434590	43448371	uc031rxu.1	0	+	43434590	43434590	0	3	1680,91,311,	0,2626,13470,
chr22	43435522	43471596	uc010gzh.3	0	-	43435781	43471592	0	8	389,164,144,109,135,181,209,117,	0,6893,19867,24296,24673,28893,30119,35957,
chr22	43435522	43475992	uc021wqt.1	0	-	43435781	43465849	0	11	389,164,87,144,109,135,181,209,72,117,85,	0,6893,12284,19867,24296,24673,28893,30119,30654,35957,40385,
chr22	43435522	43485434	uc003bdj.3	0	-	43435781	43464576	0	12	389,164,87,144,109,135,181,241,72,117,85,152,	0,6893,12284,19867,24296,24673,28893,30087,30654,35957,40385,49760,
chr22	43435522	43485434	uc003bdi.3	0	-	43435781	43471592	0	11	389,164,87,144,109,135,181,209,117,85,152,	0,6893,12284,19867,24296,24673,28893,30119,35957,40385,49760,
chr22	43506753	43525718	uc003bdk.3	0	+	43520028	43525311	0	5	56,168,99,130,500,	0,13268,16949,17748,18465,
chr22	43528211	43539403	uc003bdl.1	0	-	43529048	43539354	0	4	1281,218,88,472,	0,4875,8956,10720,
chr22	43528211	43539403	uc031rxv.1	0	-	43528211	43528211	0	3	1281,88,506,	0,8956,10686,
chr22	43528211	43539403	uc003bdm.1	0	-	43529460	43539354	0	3	1281,88,472,	0,8956,10720,
chr22	43547519	43559248	uc003bdn.4	0	+	43555244	43558997	0	4	91,211,139,440,	0,7696,9538,11289,
chr22	43547519	43559248	uc003bdo.4	0	+	43557156	43559077	0	3	91,139,440,	0,9538,11289,
chr22	43547938	43559248	uc031rxw.1	0	+	43555244	43558997	0	4	195,211,139,440,	0,7277,9119,10870,
chr22	43547940	43559248	uc031rxx.1	0	+	43555244	43558997	0	4	286,211,139,440,	0,7275,9117,10868,
chr22	43562627	43566280	uc003bdp.3	0	-	43564800	43565927	0	3	1538,139,775,	0,2152,2878,
chr22	43562627	43567756	uc021wqu.1	0	-	43562627	43562627	0	4	1538,139,69,123,	0,2152,2878,5006,
chr22	43562627	43583137	uc003bdq.3	0	-	43564013	43583075	0	14	1538,139,69,82,152,112,195,117,77,134,160,199,170,239,	0,2152,2878,5197,5781,7093,7587,7877,9698,12997,13219,14120,16358,20271,
chr22	43593288	43595059	uc003bds.3	0	-	43594442	43594769	0	1	1771,	0,
chr22	43599228	43739394	uc003bdt.2	0	-	43600002	43739267	0	22	927,80,153,198,162,168,162,204,138,117,105,120,123,117,123,117,117,126,135,129,132,215,	0,4311,4849,6820,7699,9202,10867,15032,17227,17950,19415,19874,24151,25849,28530,35615,54996,59497,87823,116714,135881,139951,
chr22	43633581	43739394	uc003bdu.2	0	-	43634733	43739267	0	8	1379,90,117,126,135,129,132,215,	0,17912,20643,25144,53470,82361,101528,105598,
chr22	43671960	43679832	uc003bdv.3	0	+	43671960	43671960	0	2	57,1890,	0,5982,
chr22	43808019	43902800	uc011apv.2	0	+	43820991	43901496	0	7	145,302,182,226,116,114,1423,	0,12894,22934,62596,86095,90504,93358,
chr22	43808019	43902800	uc011apw.2	0	+	43831047	43901496	0	6	145,182,226,116,114,1423,	0,22934,62596,86095,90504,93358,
chr22	43808019	43902800	uc011apx.2	0	+	43870683	43901496	0	5	145,226,116,114,1423,	0,62596,86095,90504,93358,
chr22	43812760	43902800	uc011apy.2	0	+	43820991	43901496	0	7	260,302,182,226,116,114,1423,	0,8153,18193,57855,81354,85763,88617,
chr22	43813760	43902800	uc011apz.2	0	+	43814101	43901496	0	7	362,302,182,226,116,114,1423,	0,7153,17193,56855,80354,84763,87617,
chr22	43912133	43932485	uc031rxy.1	0	+	43912133	43912133	0	3	123,121,1753,	0,2223,18599,
chr22	43924623	43966023	uc031rxz.1	0	-	43924732	43965969	0	7	232,150,185,169,231,228,57,	0,2071,5944,8633,11383,26125,41343,
chr22	43924623	44208217	uc003bdy.2	0	-	43924732	44178198	0	32	232,150,185,169,231,228,192,196,156,195,119,97,233,134,115,169,174,161,60,168,109,111,149,125,113,137,67,89,212,146,137,170,	0,2071,5944,8633,11383,26125,47553,51720,61330,71325,79738,87082,97703,103361,106358,138360,140128,143229,143502,149252,155003,158727,182731,188104,202955,207113,227022,236561,244148,253436,280251,283424,
chr22	43924623	44208217	uc003bdz.2	0	-	43924732	44151696	0	30	232,150,185,169,231,228,192,196,156,195,119,97,233,134,115,169,174,161,60,168,109,111,149,125,113,137,67,89,137,170,	0,2071,5944,8633,11383,26125,47553,51720,61330,71325,79738,87082,97703,103361,106358,138360,140128,143229,143502,149252,155003,158727,182731,188104,202955,207113,227022,236561,280251,283424,
chr22	43924623	44208217	uc010gzi.2	0	-	43924732	44151696	0	30	232,150,185,169,231,228,192,196,156,195,119,97,233,134,115,169,174,161,60,168,109,111,149,125,113,137,67,146,137,170,	0,2071,5944,8633,11383,26125,47553,51720,61330,71325,79738,87082,97703,103361,106358,138360,140128,143229,143502,149252,155003,158727,182731,188104,202955,207113,227022,253436,280251,283424,
chr22	43936054	44063152	uc010gzj.1	0	-	43936255	44028110	0	9	369,228,192,196,156,195,233,134,169,	0,14694,36122,40289,49899,59894,86272,91930,126929,
chr22	44022326	44127691	uc010gzk.1	0	-	44022326	44022326	0	10	233,134,169,174,161,60,168,149,125,113,	0,5658,40657,42425,45526,45799,51549,85028,90401,105252,
chr22	44073875	44208217	uc011aqa.2	0	-	44074024	44178092	0	9	168,149,125,113,137,67,89,146,170,	0,33479,38852,53703,57861,77770,87309,104184,134172,
chr22	44079543	44208217	uc003bea.2	0	-	44079614	44178189	0	12	192,111,149,125,113,137,67,89,212,146,137,170,	0,3807,27811,33184,48035,52193,72102,81641,89228,98516,125331,128504,
chr22	44112550	44178205	uc003beb.4	0	-	44112688	44178092	0	6	302,113,137,67,89,146,	0,15028,19186,39095,48634,65509,
chr22	44220386	44222913	uc021wqv.1	0	-	44220386	44220386	0	1	2527,	0,
chr22	44220386	44237820	uc003bed.1	0	-	44221880	44237744	0	6	1607,139,95,127,81,139,	0,4553,9133,14360,15438,17295,
chr22	44220386	44258378	uc003bee.1	0	-	44221880	44258262	0	7	1607,139,95,127,81,131,285,	0,4553,9133,14360,15438,17295,37707,
chr22	44220386	44258378	uc003bef.1	0	-	44220386	44220386	0	8	1607,127,139,95,127,81,131,285,	0,3007,4553,9133,14360,15438,17295,37707,
chr22	44220386	44258378	uc011aqb.1	0	-	44221880	44258262	0	4	1607,139,95,285,	0,4553,9133,37707,
chr22	44275557	44287893	uc003beg.3	0	-	44276674	44287760	0	9	1208,117,133,186,57,214,66,233,326,	0,1880,4535,6625,7913,9647,10121,11384,12010,
chr22	44275557	44287893	uc003beh.3	0	-	44276674	44287760	0	7	1208,117,133,186,57,171,326,	0,1880,4535,6625,7913,9647,12010,
chr22	44275557	44287893	uc021wqw.1	0	-	44276674	44287760	0	9	1208,117,133,186,61,210,66,233,326,	0,1880,4535,6625,7913,9651,10121,11384,12010,
chr22	44275557	44287893	uc021wqx.1	0	-	44276674	44287760	0	7	1208,117,133,186,61,167,326,	0,1880,4535,6625,7913,9651,12010,
chr22	44275557	44287893	uc011aqc.2	0	-	44276674	44285793	0	9	1208,117,133,186,57,171,153,233,326,	0,1880,4535,6625,7913,9647,10121,11384,12010,
chr22	44319618	44343448	uc003bei.1	0	+	44319791	44342262	0	9	360,233,66,210,61,222,133,105,1415,	0,3196,5085,9139,10867,13312,16254,20952,22415,
chr22	44319618	44360433	uc010gzm.1	0	+	44319618	44319618	0	10	360,228,66,210,61,222,133,105,111,102,	0,3201,5085,9139,10867,13312,16254,20952,39547,40713,
chr22	44351260	44392412	uc003bej.3	0	+	44351457	44392263	0	15	218,111,102,88,107,131,88,129,72,87,71,68,147,142,195,	0,7905,9071,13350,16855,17490,17855,20674,21369,22491,26010,28552,33730,34884,40957,
chr22	44351260	44392412	uc011aqd.2	0	+	44369185	44392263	0	14	218,111,102,88,86,88,129,72,87,71,68,147,142,195,	0,7905,9071,13350,17535,17855,20674,21369,22491,26010,28552,33730,34884,40957,
chr22	44370474	44392412	uc003bek.3	0	+	44371871	44392263	0	8	1589,72,87,71,68,147,142,195,	0,2155,3277,6796,9338,14516,15670,21743,
chr22	44383785	44385884	uc021wqy.1	0	+	44383785	44383785	0	1	2099,	0,
chr22	44395090	44565112	uc003bem.3	0	+	44395220	44564558	0	14	201,140,90,71,103,141,116,59,20,62,69,102,73,631,	0,323,94717,100842,119827,132276,133683,137249,140913,148650,152272,158771,164647,169391,
chr22	44420156	44565112	uc003ben.3	0	+	44420219	44564558	0	13	175,90,71,103,141,116,59,20,62,69,102,73,631,	0,69651,75776,94761,107210,108617,112183,115847,123584,127206,133705,139581,144325,
chr22	44422183	44565112	uc010gzn.3	0	+	44489851	44564558	0	12	73,90,71,103,141,116,59,20,62,102,73,631,	0,67624,73749,92734,105183,106590,110156,113820,121557,131678,137554,142298,
chr22	44464996	44565112	uc003beo.3	0	+	44465041	44564558	0	13	46,90,71,103,141,116,59,20,62,69,102,73,631,	0,24811,30936,49921,62370,63777,67343,71007,78744,82366,88865,94741,99485,
chr22	44546536	44546622	uc021wqz.1	0	+	44546536	44546536	0	1	86,	0,
chr22	44568835	44583052	uc010gzo.4	0	+	44568882	44582525	0	4	236,91,65,596,	0,10362,12852,13621,
chr22	44568835	44604349	uc011aqe.3	0	+	44579209	44602306	0	14	236,176,91,65,103,141,116,56,23,59,69,102,73,2153,	0,8786,10362,12852,14820,16158,17595,19093,20845,23199,23391,25665,32801,33361,
chr22	44576769	44583052	uc031rya.1	0	+	44576769	44576769	0	5	296,176,91,65,596,	0,852,2428,4918,5687,
chr22	44576769	44604349	uc003bep.4	0	+	44579209	44602306	0	14	296,176,91,65,103,141,116,56,23,59,69,102,73,2153,	0,852,2428,4918,6886,8224,9661,11159,12911,15265,15457,17731,24867,25427,
chr22	44577215	44582343	uc010gzq.1	0	+	44577215	44577215	0	4	35,176,91,656,	0,406,1982,4472,
chr22	44577215	44583052	uc021wrb.2	0	+	44579209	44582525	0	5	35,176,91,65,596,	0,406,1982,4472,5241,
chr22	44577621	44594602	uc021wrc.1	0	+	44577621	44577621	0	10	176,91,65,103,141,116,81,57,69,102,	0,1576,4066,6034,7372,8809,10307,14415,14605,16879,
chr22	44639556	44708731	uc003bet.2	0	-	44645564	44696825	0	5	6009,318,214,99,101,	0,41751,52995,57202,69074,
chr22	44888449	44894005	uc003beu.1	0	-	44892716	44893436	0	2	5242,82,	0,5474,
chr22	44892716	44893436	uc021wrd.1	0	-	44892716	44893436	0	1	720,	0,
chr22	44965219	44968329	uc011aqg.2	0	+	44965219	44965219	0	5	102,67,89,117,411,	0,257,1160,2036,2699,
chr22	44965219	44968329	uc021wre.2	0	+	44965285	44968018	0	4	102,89,117,411,	0,1160,2036,2699,
chr22	44965219	44968329	uc011aqh.2	0	+	44965219	44965219	0	4	102,125,117,411,	0,1160,2036,2699,
chr22	45002207	45021299	uc021wrf.1	0	-	45002207	45002207	0	5	318,118,170,117,103,	0,603,15959,16279,18989,
chr22	45064426	45133561	uc003bew.2	0	+	45098381	45133127	0	9	259,117,81,49,58,92,141,136,910,	0,33945,46044,56697,58030,63183,63704,66480,68225,
chr22	45064426	45133561	uc003bex.2	0	+	45122477	45133127	0	8	259,81,49,58,92,141,136,910,	0,46044,56697,58030,63183,63704,66480,68225,
chr22	45072687	45133561	uc010gzt.1	0	+	45075679	45133127	0	10	433,539,117,81,49,58,92,141,136,910,	0,2539,25684,37783,48436,49769,54922,55443,58219,59964,
chr22	45072687	45133561	uc003bey.1	0	+	45098381	45133127	0	9	433,117,81,49,58,92,141,136,910,	0,25684,37783,48436,49769,54922,55443,58219,59964,
chr22	45072687	45133561	uc003bez.1	0	+	45122477	45133127	0	8	433,81,49,58,92,141,136,910,	0,37783,48436,49769,54922,55443,58219,59964,
chr22	45098077	45133561	uc003bfb.2	0	+	45098354	45133127	0	8	411,81,49,58,92,141,136,910,	0,12393,23046,24379,29532,30053,32829,34574,
chr22	45098077	45258664	uc003bfd.3	0	+	45098354	45258475	0	17	411,81,49,58,92,141,136,150,88,87,99,111,74,78,129,104,510,	0,12393,23046,24379,29532,30053,32829,84259,99879,112474,120173,123285,143071,145775,146734,157533,160077,
chr22	45098371	45258664	uc011aqi.2	0	+	45098381	45258475	0	15	117,81,49,58,150,88,132,87,99,111,74,78,129,104,510,	0,12099,22752,24085,83965,99585,105815,112180,119879,122991,142777,145481,146440,157239,159783,
chr22	45121123	45205681	uc003bfg.1	0	+	45122477	45205180	0	6	49,58,150,88,132,796,	0,1333,61213,76833,83063,83762,
chr22	45121123	45258664	uc011aqj.2	0	+	45122477	45258475	0	13	49,58,150,88,132,87,99,111,74,78,129,155,510,	0,1333,61213,76833,83063,89428,97127,100239,120025,122729,123688,134436,137031,
chr22	45126763	45133561	uc003bfh.1	0	+	45127590	45133127	0	4	938,141,136,910,	0,1367,4143,5888,
chr22	45148437	45246845	uc003bfi.3	0	+	45182407	45244948	0	10	70,150,88,132,87,99,111,74,78,2034,	0,33899,49519,55749,62114,69813,72925,92711,95415,96374,
chr22	45148437	45258664	uc010gzv.3	0	+	45182407	45258195	0	11	70,150,88,132,87,99,111,74,78,129,510,	0,33899,49519,55749,62114,69813,72925,92711,95415,96374,109717,
chr22	45148437	45258664	uc003bfj.3	0	+	45182407	45258475	0	13	70,150,88,132,93,87,99,111,74,78,129,104,510,	0,33899,49519,55749,56448,62114,69813,72925,92711,95415,96374,107173,109717,
chr22	45148437	45258664	uc003bfk.3	0	+	45182407	45258475	0	12	70,150,88,132,87,99,111,74,78,129,104,510,	0,33899,49519,55749,62114,69813,72925,92711,95415,96374,107173,109717,
chr22	45182336	45258664	uc003bfl.3	0	+	45182336	45182336	0	10	150,132,87,99,111,74,78,129,104,510,	0,21850,28215,35914,39026,58812,61516,62475,73274,75818,
chr22	45277042	45404874	uc011aqk.2	0	-	45278965	45404692	0	13	2142,104,76,159,23,55,77,52,141,351,93,66,200,	0,4263,4700,6800,8597,10143,12294,14869,32659,35117,39235,127383,127632,
chr22	45277042	45404874	uc003bfm.3	0	-	45278965	45312237	0	14	2142,104,76,159,23,55,77,52,141,351,93,46,66,200,	0,4263,4700,6800,8597,10143,12294,14869,32659,35117,39235,52310,127383,127632,
chr22	45277042	45405581	uc003bfn.3	0	-	45278965	45405430	0	13	2142,104,76,159,23,55,77,52,267,351,93,66,205,	0,4263,4700,6800,8597,10143,12294,14869,32659,35117,39235,127383,128334,
chr22	45277042	45405809	uc011aql.2	0	-	45278965	45405430	0	14	2142,104,76,159,23,55,77,52,141,351,93,66,115,45,	0,4263,4700,6800,8597,10143,12294,14869,32659,35117,39235,127383,128334,128722,
chr22	45283842	45404874	uc011aqm.1	0	-	45283981	45404692	0	9	159,55,77,52,141,351,93,66,200,	0,3343,5494,8069,25859,28317,32435,120583,120832,
chr22	45529638	45548465	uc003bfp.2	0	-	45529638	45529638	0	3	1040,93,180,	0,5066,18647,
chr22	45529638	45559662	uc003bfq.3	0	-	45529638	45529638	0	3	1040,93,205,	0,5066,29819,
chr22	45559725	45583890	uc003bfr.3	0	+	45564058	45580536	0	8	452,79,84,187,663,82,119,3557,	0,4323,7755,12049,14393,17441,19557,20608,
chr22	45559725	45583890	uc003bfs.3	0	+	45567495	45580536	0	9	452,79,156,84,187,663,82,119,3557,	0,4323,7143,7755,12049,14393,17441,19557,20608,
chr22	45559725	45583890	uc011aqn.3	0	+	45559725	45559725	0	7	452,79,84,663,82,119,3557,	0,4323,7755,14393,17441,19557,20608,
chr22	45560551	45583890	uc003bft.3	0	+	45567495	45580536	0	9	88,79,190,84,187,663,82,119,3557,	0,3497,6317,6929,11223,13567,16615,18731,19782,
chr22	45580597	45583888	uc021wrg.1	0	+	45580597	45580597	0	1	3291,	0,
chr22	45588122	45601793	uc010gzw.1	0	-	45593056	45601169	0	8	4975,159,163,195,141,102,12,120,	0,5548,7631,10748,11603,12975,13388,13551,
chr22	45588122	45608265	uc003bfv.1	0	-	45593056	45608079	0	9	4975,159,163,195,141,102,78,120,429,	0,5548,7631,10748,11603,12975,13388,13551,19714,
chr22	45588122	45608347	uc003bfw.1	0	-	45593056	45608224	0	10	4975,159,163,195,141,102,78,120,152,202,	0,5548,7631,10748,11603,12975,13388,13551,19714,20023,
chr22	45588122	45609380	uc010gzx.2	0	-	45593056	45609211	0	10	4975,159,163,195,141,102,78,120,152,179,	0,5548,7631,10748,11603,12975,13388,13551,19714,21079,
chr22	45588122	45636650	uc003bfx.1	0	-	45593056	45636584	0	10	4975,159,163,195,141,102,78,120,152,130,	0,5548,7631,10748,11603,12975,13388,13551,19714,48398,
chr22	45596834	45596900	uc021wrh.1	0	-	45596834	45596834	0	1	66,	0,
chr22	45680867	45691755	uc003bfy.3	0	+	45680894	45691600	0	6	79,156,280,83,133,315,	0,954,2185,4074,8194,10573,
chr22	45680867	45691755	uc010gzy.3	0	+	45680894	45691600	0	4	79,156,133,315,	0,954,8194,10573,
chr22	45705080	45737836	uc003bfz.4	0	+	45718260	45736286	0	10	451,156,56,253,222,129,286,33,84,1570,	0,828,13171,13975,18642,21403,23225,26150,27128,31186,
chr22	45705784	45737836	uc003bga.4	0	+	45718260	45736286	0	9	280,56,253,222,129,286,33,84,1570,	0,12467,13271,17938,20699,22521,25446,26424,30482,
chr22	45724002	45724028	uc021wri.1	0	+	45724002	45724002	0	1	26,	0,
chr22	45724084	45724110	uc011aqp.1	0	+	45724084	45724084	0	1	26,	0,
chr22	45724166	45724192	uc021wrj.1	0	+	45724166	45724166	0	1	26,	0,
chr22	45724248	45724276	uc011aqq.1	0	+	45724248	45724248	0	1	28,	0,
chr22	45725524	45737836	uc011aqr.2	0	+	45726507	45736286	0	6	290,129,286,33,84,1570,	0,959,2781,5706,6684,10742,
chr22	45739944	45809500	uc003bgc.3	0	-	45740436	45809448	0	25	594,111,70,152,155,157,99,154,146,142,107,117,138,147,180,186,208,83,141,259,239,204,113,189,161,	0,1395,5664,8386,9913,10894,14632,15740,17774,18820,25889,27406,28090,39402,42802,45647,49569,50620,52281,55030,58268,62396,62689,64646,69395,
chr22	45739944	45809500	uc003bgd.3	0	-	45740436	45809448	0	23	594,111,155,157,99,154,146,142,107,117,138,147,180,186,208,83,141,259,239,204,113,189,161,	0,1395,9913,10894,14632,15740,17774,18820,25889,27406,28090,39402,42802,45647,49569,50620,52281,55030,58268,62396,62689,64646,69395,
chr22	45765811	45802746	uc003bge.1	0	-	45765811	45798415	0	13	129,117,138,147,180,186,208,83,141,259,239,204,113,	0,1539,2223,13535,16935,19780,23702,24753,26414,29163,32401,36529,36822,
chr22	45809571	45828302	uc011aqs.3	0	+	45809782	45828242	0	8	325,75,4,345,119,228,167,139,	0,631,708,3910,8598,12256,17208,18592,
chr22	45898718	45954591	uc003bgg.1	0	+	45898865	45953954	0	15	226,106,136,163,60,102,138,138,144,129,126,120,132,124,641,	0,15843,22704,25008,28426,30224,30922,32361,38390,39316,40562,44246,45774,47653,55232,
chr22	45898718	45959242	uc003bgh.3	0	+	45898865	45959146	0	15	226,106,136,163,60,102,138,138,144,129,126,120,132,124,451,	0,15843,22704,25008,28426,30224,30922,32361,38390,39316,40562,44246,45774,47653,60073,
chr22	45898718	45959242	uc010gzz.3	0	+	45898865	45959146	0	16	226,106,114,136,163,60,102,138,138,144,129,126,120,132,124,451,	0,15843,20252,22704,25008,28426,30224,30922,32361,38390,39316,40562,44246,45774,47653,60073,
chr22	45898718	45961581	uc003bgi.1	0	+	45898865	45960872	0	15	226,106,136,163,60,102,138,138,144,129,126,120,132,124,818,	0,15843,22704,25008,28426,30224,30922,32361,38390,39316,40562,44246,45774,47653,62045,
chr22	45898718	45997014	uc003bgj.1	0	+	45898865	45996326	0	17	226,106,136,163,60,102,138,138,144,129,126,120,132,124,143,132,828,	0,15843,22704,25008,28426,30224,30922,32361,38390,39316,40562,44246,45774,47653,71672,74138,97468,
chr22	45992868	45998697	uc003bgk.1	0	+	45992868	45992868	0	1	5829,	0,
chr22	46000311	46001501	uc003bgl.1	0	-	46000311	46000311	0	2	327,221,	0,969,
chr22	46020410	46020512	uc021wrk.1	0	-	46020410	46020410	0	1	102,	0,
chr22	46067677	46241187	uc003bgm.2	0	+	46067943	46239551	0	12	382,192,83,97,159,81,166,109,170,64,188,1639,	0,17914,21198,28484,30891,46615,57627,66933,68571,135161,171193,171871,
chr22	46067677	46241187	uc011aqt.2	0	+	46067943	46239551	0	11	382,83,97,159,81,166,109,170,64,188,1639,	0,21198,28484,30891,46615,57627,66933,68571,135161,171193,171871,
chr22	46067916	46241187	uc003bgn.2	0	+	46098647	46239551	0	12	150,192,83,97,159,81,166,109,170,64,188,1639,	0,17675,20959,28245,30652,46376,57388,66694,68332,134922,170954,171632,
chr22	46156403	46156478	uc021wrl.1	0	+	46156403	46156403	0	1	75,	0,
chr22	46316247	46368244	uc010haa.2	0	-	46318735	46368117	0	4	2968,272,227,210,	0,10730,29552,51787,
chr22	46316247	46373008	uc003bgo.2	0	-	46318735	46372634	0	4	2968,272,227,445,	0,10730,29552,56316,
chr22	46402495	46406657	uc011aqu.1	0	+	46402691	46403276	0	1	4162,	0,
chr22	46435786	46440748	uc011aqv.2	0	-	46435786	46435786	0	4	1146,67,137,260,	0,2667,3656,4702,
chr22	46446338	46450024	uc003bgq.1	0	-	46447706	46449973	0	2	1441,395,	0,3291,
chr22	46449725	46454402	uc011aqw.2	0	+	46449725	46449725	0	3	75,99,1461,	0,3001,3216,
chr22	46449725	46501901	uc003bgr.4	0	+	46493806	46501741	0	5	75,85,65,58,613,	0,44080,44648,49346,51563,
chr22	46451619	46454040	uc003bgs.3	0	-	46451619	46451619	0	2	776,405,	0,2016,
chr22	46481876	46507518	uc003bgu.2	0	+	46493806	46505890	0	5	164,85,65,87,1875,	0,11929,12497,23270,23767,
chr22	46481876	46509808	uc003bgt.4	0	+	46481876	46481876	0	6	164,85,65,58,87,4258,	0,11929,12497,17195,23270,23674,
chr22	46486923	46487006	uc021wrm.1	0	+	46486923	46486923	0	1	83,	0,
chr22	46508628	46508702	uc021wrn.1	0	+	46508628	46508628	0	1	74,	0,
chr22	46508631	46508653	uc021wro.1	0	-	46508631	46508631	0	1	22,	0,
chr22	46509445	46509537	uc021wrp.1	0	+	46509445	46509445	0	1	92,	0,
chr22	46509565	46509648	uc021wrq.1	0	+	46509565	46509565	0	1	83,	0,
chr22	46546498	46639653	uc003bgw.1	0	+	46594280	46631277	0	9	57,83,84,250,161,139,203,448,8624,	0,1292,26151,47740,64571,67661,69210,81190,84531,
chr22	46546498	46639653	uc003bgx.1	0	+	46594280	46631277	0	8	57,83,250,161,139,203,448,8624,	0,1292,47740,64571,67661,69210,81190,84531,
chr22	46546730	46639653	uc010hab.1	0	+	46594280	46631277	0	9	350,83,84,250,161,139,203,448,8624,	0,1060,25919,47508,64339,67429,68978,80958,84299,
chr22	46567182	46594488	uc003bgy.1	0	+	46567182	46567182	0	2	209,250,	0,27056,
chr22	46567182	46594488	uc003bgz.1	0	+	46567182	46567182	0	5	209,156,84,100,247,	0,4703,5467,17437,27059,
chr22	46572649	46616543	uc003bha.3	0	+	46594280	46615977	0	6	84,100,247,161,139,835,	0,11970,21592,38420,41510,43059,
chr22	46572649	46639653	uc003bhb.1	0	+	46594280	46631277	0	7	84,247,161,139,203,448,8624,	0,21592,38420,41510,43059,55039,58380,
chr22	46594241	46639653	uc010hac.1	0	+	46614196	46631277	0	5	247,161,139,448,8624,	0,16828,19918,33447,36788,
chr22	46639909	46646193	uc003bhe.3	0	-	46640988	46644181	0	4	1226,112,113,41,	0,3097,4159,6243,
chr22	46639909	46646193	uc003bhf.3	0	-	46639909	46639909	0	5	1226,123,112,113,41,	0,2660,3097,4159,6243,
chr22	46651559	46659219	uc003bhh.3	0	-	46652457	46659219	0	1	7660,	0,
chr22	46663860	46689905	uc003bhi.3	0	+	46663936	46688781	0	14	109,78,82,172,174,76,120,60,39,82,166,160,74,1218,	0,550,4371,5934,7284,10622,13635,16009,17277,19109,20459,21438,21862,24827,
chr22	46663860	46689905	uc011aqx.2	0	+	46663936	46688781	0	13	109,78,82,172,76,120,60,39,82,166,160,74,1218,	0,550,4371,5934,10622,13635,16009,17277,19109,20459,21438,21862,24827,
chr22	46691039	46692557	uc003bhj.4	0	-	46691039	46691039	0	1	1518,	0,
chr22	46692637	46726707	uc011aqy.2	0	+	46693297	46726027	0	12	191,100,58,625,165,124,381,73,219,202,210,764,	0,639,11409,11578,15400,17149,19291,26449,29695,31947,32617,33306,
chr22	46692637	46726707	uc011aqz.2	0	+	46704537	46726027	0	11	191,100,625,165,124,381,73,219,202,210,764,	0,639,11578,15400,17149,19291,26449,29695,31947,32617,33306,
chr22	46711928	46723213	uc003bhl.1	0	+	46712002	46722555	0	3	381,73,881,	0,7158,10404,
chr22	46711928	46725027	uc003bhm.1	0	+	46712002	46724819	0	4	381,73,219,443,	0,7158,10404,12656,
chr22	46725003	46726707	uc003bhn.3	0	+	46725003	46725003	0	2	461,764,	0,940,
chr22	46726771	46729595	uc011ara.2	0	+	46726771	46726771	0	2	858,617,	0,2207,
chr22	46726771	46730190	uc003bho.4	0	+	46726771	46726771	0	2	858,299,	0,3120,
chr22	46731297	46750216	uc011arb.1	0	+	46731661	46749878	0	8	446,166,107,123,173,54,67,553,	0,2378,7861,11021,14890,16720,16863,18366,
chr22	46731297	46753237	uc003bhp.3	0	+	46731661	46752903	0	11	446,166,107,123,173,54,67,101,145,83,499,	0,2378,7861,11021,14890,16720,16863,18366,20043,20589,21441,
chr22	46731297	46753237	uc003bhq.4	0	+	46731297	46731297	0	11	446,166,107,123,118,54,67,101,145,83,499,	0,2378,7861,11021,14945,16720,16863,18366,20043,20589,21441,
chr22	46731297	46753237	uc003bhs.3	0	+	46731661	46752851	0	10	446,166,107,123,173,54,67,101,145,499,	0,2378,7861,11021,14890,16720,16863,18366,20043,21441,
chr22	46731297	46753237	uc003bhr.3	0	+	46733828	46752903	0	10	446,166,123,173,54,67,101,145,83,499,	0,2378,11021,14890,16720,16863,18366,20043,20589,21441,
chr22	46731297	46753237	uc003bht.3	0	+	46742345	46752903	0	10	446,166,123,114,54,67,101,145,83,499,	0,2378,11021,14949,16720,16863,18366,20043,20589,21441,
chr22	46731297	46753237	uc003bhu.3	0	+	46748020	46752903	0	10	446,166,123,118,54,67,101,145,83,499,	0,2378,11021,14945,16720,16863,18366,20043,20589,21441,
chr22	46731297	46753237	uc003bhv.3	0	+	46742345	46752851	0	9	446,166,123,114,54,67,101,145,499,	0,2378,11021,14949,16720,16863,18366,20043,21441,
chr22	46756730	46933067	uc003bhw.1	0	-	46759074	46933067	0	35	2354,256,225,150,104,95,126,127,80,113,175,201,127,168,205,144,184,210,95,102,184,121,142,175,114,186,167,126,164,158,89,116,223,639,3544,	0,3162,3678,4397,4752,5552,6159,6895,8345,8858,12049,16227,17757,19954,21012,23709,25568,28456,29558,30352,30799,33308,35771,36840,37690,38883,48162,48921,49564,50768,72559,75340,78355,102873,172793,
chr22	46764755	46805171	uc011arc.1	0	-	46765027	46805057	0	19	400,546,175,201,127,168,205,144,184,210,95,102,184,121,142,175,114,210,279,	0,833,4024,8202,9732,11929,12987,15684,17543,20431,21533,22327,22774,25283,27746,28815,29665,30858,40137,
chr22	47022647	47075688	uc003bhx.3	0	+	47022696	47073148	0	18	211,121,121,62,133,26,92,92,49,72,44,110,155,145,94,85,69,2645,	0,11089,31436,34630,36289,37087,37275,38864,40074,41345,41938,42048,46092,46919,47906,48717,49849,50396,
chr22	47033736	47075688	uc010had.3	0	+	47033757	47073148	0	16	121,121,62,133,26,92,92,49,72,44,110,155,145,94,85,2645,	0,20347,23541,25200,25998,26186,27775,28985,30256,30849,30959,35003,35830,36817,37628,39307,
chr22	47070504	47075688	uc003bhy.3	0	+	47070600	47073148	0	4	143,85,69,2645,	0,860,1992,2539,
chr22	47080306	47108190	uc010hae.3	0	-	47083030	47103860	0	9	2797,209,206,77,106,153,75,146,126,	0,5582,7162,9017,10800,14903,17226,23433,27758,
chr22	47080306	47134152	uc003bia.3	0	-	47083030	47134045	0	13	2797,209,206,77,106,153,75,146,64,126,123,114,249,	0,5582,7162,9017,10800,14903,17226,23433,26676,27758,35676,36492,53597,
chr22	47158517	47571342	uc003bib.3	0	+	47158683	47569269	0	13	228,57,341,177,71,129,63,115,110,76,128,96,2202,	0,29899,30880,34823,116031,128644,132162,149452,211668,235012,274449,348886,410623,
chr22	47158517	47571342	uc010haf.3	0	+	47188672	47569269	0	14	228,57,137,341,177,71,129,63,115,110,76,128,96,2202,	0,29899,30047,30880,34823,116031,128644,132162,149452,211668,235012,274449,348886,410623,
chr22	47158517	47571342	uc003bie.3	0	+	47158683	47569269	0	11	228,341,71,129,63,115,110,76,128,96,2202,	0,30880,116031,128644,132162,149452,211668,235012,274449,348886,410623,
chr22	47159638	47571342	uc010hag.3	0	+	47159638	47159638	0	14	545,130,57,341,177,71,129,63,115,113,76,128,96,2202,	0,4306,28778,29759,33702,114910,127523,131041,148331,149591,233891,273328,347765,409502,
chr22	47169823	47571342	uc003bif.3	0	+	47189419	47569269	0	13	309,57,341,177,71,129,63,115,110,76,128,96,2202,	0,18593,19574,23517,104725,117338,120856,138146,200362,223706,263143,337580,399317,
chr22	47309987	47311916	uc003big.3	0	-	47311240	47311774	0	1	1929,	0,
chr22	47857047	47882860	uc003bih.3	0	-	47857047	47857047	0	3	531,71,382,	0,2019,25431,
chr22	48016791	48027318	uc003bii.3	0	-	48016791	48016791	0	6	59,497,1166,81,140,2242,	0,1413,3425,6119,6395,8285,
chr22	48020216	48027318	uc011ard.2	0	-	48020216	48020216	0	3	1166,140,2242,	0,2970,4860,
chr22	48020216	48027318	uc011are.2	0	-	48020216	48020216	0	3	1166,269,2242,	0,2841,4860,
chr22	48027451	48038545	uc003bij.3	0	+	48027451	48027451	0	3	184,174,812,	0,3477,10282,
chr22	48027451	48251349	uc003bik.1	0	+	48027451	48027451	0	9	184,174,113,121,136,66,159,143,690,	0,3477,54497,54872,55100,55438,72886,106731,223208,
chr22	48670175	48670227	uc021wrs.1	0	+	48670175	48670175	0	1	52,	0,
chr22	48885287	49147744	uc003bim.4	0	+	48885404	49145659	0	4	229,150,128,2094,	0,157121,218241,260363,
chr22	48934711	48943199	uc021wrt.2	0	-	48935195	48942395	0	5	549,254,91,320,194,	0,5772,7613,7793,8294,
chr22	48972117	49147744	uc003bio.4	0	+	48972292	49145659	0	4	266,150,128,2094,	0,70291,131411,173533,
chr22	49176106	49176165	uc021wru.1	0	+	49176106	49176106	0	1	59,	0,
chr22	49262581	49294198	uc003bip.3	0	+	49262581	49262581	0	7	78,60,200,467,212,1409,1589,	0,18283,20243,25896,27634,27965,30028,
chr22	49808173	50051190	uc003biq.3	0	-	49808173	49808173	0	5	1511,134,114,337,138,	0,2077,2290,26351,242879,
chr22	50013289	50051190	uc003bit.3	0	-	50014125	50051107	0	4	1019,235,79,138,	0,4805,5216,37763,
chr22	50166936	50217979	uc011arf.2	0	-	50167880	50212021	0	14	1128,155,110,128,136,498,261,313,129,132,157,162,153,1381,	0,2302,2761,3745,4389,14101,20745,24516,25269,25699,30915,44933,47545,49662,
chr22	50166936	50217979	uc011arg.2	0	-	50167880	50217965	0	13	1128,155,110,128,136,105,261,313,114,132,157,162,1381,	0,2302,2761,3745,4389,14101,20745,24516,25284,25699,30915,44933,49662,
chr22	50166936	50217979	uc021wrv.1	0	-	50166936	50166936	0	12	1128,155,110,128,136,133,261,313,129,132,157,1381,	0,2302,2761,3745,4389,14101,20745,24516,25269,25699,30915,49662,
chr22	50166936	50218452	uc003biv.3	0	-	50167880	50217965	0	12	1128,155,110,128,136,105,261,313,129,132,157,1854,	0,2302,2761,3745,4389,14101,20745,24516,25269,25699,30915,49662,
chr22	50166936	50221196	uc021wrw.1	0	-	50166936	50166936	0	14	1128,155,110,128,136,105,311,261,313,129,132,157,1381,52,	0,2302,2761,3745,4389,14101,14288,20745,24516,25269,25699,30915,49662,54208,
chr22	50166936	50221196	uc003biu.4	0	-	50167880	50217965	0	13	1128,155,110,128,136,498,261,313,129,132,157,1381,52,	0,2302,2761,3745,4389,14101,20745,24516,25269,25699,30915,49662,54208,
chr22	50171537	50173958	uc011ari.1	0	-	50171537	50171537	0	1	2421,	0,
chr22	50247496	50283726	uc003bix.2	0	+	50277310	50280826	0	2	141,6745,	0,29485,
chr22	50277310	50280826	uc021wrx.1	0	+	50277310	50280826	0	1	3516,	0,
chr22	50296853	50312106	uc003biy.3	0	-	50297485	50307413	0	10	861,76,170,224,104,195,174,133,240,196,	0,973,1131,4515,6038,6688,7228,10179,10398,15057,
chr22	50312282	50317458	uc031ryb.1	0	+	50315268	50317048	0	8	264,83,111,92,177,271,96,577,	0,595,1095,1521,2950,3538,3977,4599,
chr22	50312282	50317458	uc003biz.3	0	+	50312417	50317048	0	7	264,83,111,92,177,96,577,	0,595,1095,1521,2950,3977,4599,
chr22	50312282	50320153	uc010haj.3	0	+	50312417	50319318	0	9	264,83,111,92,177,96,84,96,1089,	0,595,1095,1521,2950,3977,4599,5725,6782,
chr22	50312282	50321186	uc010hal.2	0	+	50312417	50320955	0	11	264,83,111,92,177,147,96,84,96,141,284,	0,595,1095,1521,2950,3662,3977,4599,5725,6782,8620,
chr22	50312282	50321186	uc003bja.2	0	+	50312417	50320955	0	10	264,83,111,92,177,96,84,96,141,284,	0,595,1095,1521,2950,3977,4599,5725,6782,8620,
chr22	50312282	50321186	uc010hak.2	0	+	50312417	50320955	0	9	264,83,111,92,177,96,96,141,284,	0,595,1095,1521,2950,3977,5725,6782,8620,
chr22	50312282	50321186	uc010ham.2	0	+	50312417	50320955	0	9	264,83,111,92,177,96,84,141,284,	0,595,1095,1521,2950,3977,4599,6782,8620,
chr22	50354142	50357720	uc003bjb.3	0	+	50354595	50356775	0	6	538,110,51,370,177,1133,	0,630,823,947,2194,2445,
chr22	50356294	50357720	uc011arj.2	0	+	50356431	50356775	0	2	219,1133,	0,293,
chr22	50432941	50451055	uc003bje.1	0	-	50435466	50439619	0	15	2348,81,97,58,45,173,55,72,140,115,110,150,28,81,82,	0,2481,2807,3172,3512,3624,4778,4918,5315,5965,6241,6569,14124,14470,18032,
chr22	50497819	50523781	uc003bjg.1	0	-	50500011	50523331	0	12	2267,165,123,57,117,72,102,102,54,90,236,214,	0,4643,9042,11136,14825,17450,18010,20527,20953,23693,25335,25748,
chr22	50497819	50523781	uc011arl.1	0	-	50500011	50523331	0	10	2267,165,123,57,117,72,102,90,236,214,	0,4643,9042,11136,14825,17450,18010,23693,25335,25748,
chr22	50497819	50524358	uc003bjh.1	0	-	50500011	50523331	0	12	2267,165,123,57,117,72,102,102,54,90,236,575,	0,4643,9042,11136,14825,17450,18010,20527,20953,23693,25335,25964,
chr22	50497819	50524358	uc011arm.1	0	-	50500011	50523331	0	11	2267,165,123,57,117,72,102,102,54,236,575,	0,4643,9042,11136,14825,17450,18010,20527,20953,25335,25964,
chr22	50497819	50524358	uc011arn.1	0	-	50500011	50521542	0	11	2267,165,123,57,117,72,102,102,54,88,575,	0,4643,9042,11136,14825,17450,18010,20527,20953,23693,25964,
chr22	50497819	50524358	uc011aro.1	0	-	50500011	50523331	0	11	2267,165,123,57,117,72,102,54,90,236,575,	0,4643,9042,11136,14825,17450,18010,20953,23693,25335,25964,
chr22	50528434	50600116	uc003bjj.3	0	+	50528517	50599878	0	27	180,185,160,113,188,141,242,133,195,115,178,71,92,59,101,109,179,147,122,100,165,174,150,108,138,92,320,	0,1995,9437,18130,18651,23642,24375,25108,27151,30496,35386,36196,38410,44001,44524,52075,53037,54091,55683,59609,60729,63039,68051,69672,70682,70958,71362,
chr22	50528434	50600116	uc003bjk.4	0	+	50528517	50599878	0	26	180,185,160,113,188,141,242,133,195,115,178,71,92,59,101,109,179,147,122,100,165,174,150,108,92,320,	0,1995,9437,18130,18651,23642,24375,25108,27151,30496,35386,36196,38410,44001,44524,52075,53037,54091,55683,59609,60729,63039,68051,69672,70958,71362,
chr22	50528684	50546803	uc010han.3	0	+	50528904	50546803	0	4	257,185,160,239,	0,1745,9187,17880,
chr22	50528684	50600116	uc011arp.2	0	+	50528904	50599892	0	26	257,185,160,113,188,141,242,133,195,115,178,71,92,59,101,109,179,147,122,100,165,174,150,108,138,320,	0,1745,9187,17880,18401,23392,24125,24858,26901,30246,35136,35946,38160,43751,44274,51825,52787,53841,55433,59359,60479,62789,67801,69422,70432,71112,
chr22	50552036	50581881	uc011arq.1	0	+	50552050	50581764	0	12	181,242,133,195,115,178,71,92,59,101,109,410,	0,773,1506,3549,6894,11784,12594,14808,20399,20922,28473,29435,
chr22	50552809	50580618	uc010hao.1	0	+	50552809	50552809	0	7	242,133,195,178,59,101,109,	0,733,2776,11011,19626,20149,27700,
chr22	50585483	50600116	uc003bjl.3	0	+	50585570	50599878	0	9	95,100,165,174,150,108,138,92,320,	0,2560,3680,5990,11002,12623,13633,13909,14313,
chr22	50587817	50597686	uc003bjm.1	0	+	50588122	50596668	0	3	326,174,1201,	0,3656,8668,
chr22	50609159	50618724	uc003bjp.4	0	+	50615543	50617689	0	5	226,51,1464,202,1075,	0,4701,6208,8203,8490,
chr22	50609159	50618724	uc003bjo.4	0	+	50609159	50617689	0	4	226,1464,202,1075,	0,6208,8203,8490,
chr22	50609159	50618724	uc003bjn.4	0	+	50609159	50617706	0	3	226,1464,1362,	0,6208,8203,
chr22	50624358	50638027	uc003bjr.2	0	+	50633397	50636948	0	10	47,67,51,58,141,111,140,173,112,1254,	0,7097,7646,8519,8970,11311,11519,11893,12145,12415,
chr22	50624359	50638027	uc003bjs.1	0	+	50631489	50636948	0	10	71,67,79,167,141,111,140,173,112,1254,	0,7096,7645,8409,8969,11310,11518,11892,12144,12414,
chr22	50639407	50656045	uc021wry.1	0	+	50639465	50655798	0	9	612,204,181,131,281,151,186,157,412,	0,5338,7557,9202,9652,14738,15712,15993,16226,
chr22	50644745	50656045	uc010hap.3	0	+	50644806	50655789	0	8	204,229,131,281,151,186,157,412,	0,2171,3864,4314,9400,10374,10655,10888,
chr22	50646812	50656045	uc003bjy.3	0	+	50648630	50655789	0	7	333,131,281,151,186,157,412,	0,1797,2247,7333,8307,8588,8821,
chr22	50650901	50656045	uc031ryc.1	0	+	50655320	50655789	0	4	212,151,438,412,	0,3244,4218,4732,
chr22	50656117	50660303	uc003bka.1	0	-	50656164	50660048	0	10	139,181,182,133,195,142,169,148,59,1624,	0,229,500,799,1014,1379,1599,1955,2268,2562,
chr22	50656117	50683400	uc003bkb.1	0	-	50656164	50682888	0	25	139,200,214,133,195,142,169,148,59,1624,75,139,116,89,82,150,140,92,110,79,122,174,211,164,1253,	0,229,500,799,1014,1379,1599,1955,2268,2562,4339,4765,6452,6643,6822,8105,8361,8598,9044,9310,10218,11715,15627,22515,26030,
chr22	50656117	50683400	uc010har.1	0	-	50656164	50682888	0	25	139,200,214,133,195,142,169,148,59,1624,75,115,116,89,82,150,140,92,110,79,122,174,211,164,1253,	0,229,500,799,1014,1379,1599,1955,2268,2562,4339,4765,6452,6643,6822,8105,8361,8598,9044,9310,10218,11715,15627,22515,26030,
chr22	50656117	50683400	uc010has.1	0	-	50656117	50656117	0	25	139,200,214,133,195,142,169,148,59,1683,75,139,116,89,82,150,140,92,110,79,122,174,211,164,1253,	0,229,500,799,1014,1379,1599,1955,2268,2503,4339,4765,6452,6643,6822,8105,8361,8598,9044,9310,10218,11715,15627,22515,26030,
chr22	50659703	50663021	uc010hat.1	0	-	50659703	50660528	0	6	600,75,135,116,89,82,	0,753,1179,2866,3057,3236,
chr22	50661415	50664618	uc003bkd.1	0	-	50662565	50664267	0	5	1270,89,82,150,140,	0,1345,1524,2807,3063,
chr22	50678055	50683400	uc010hau.1	0	-	50678583	50682888	0	2	741,1253,	0,4092,
chr22	50683612	50689834	uc003bkg.3	0	-	50683935	50689461	0	20	347,153,183,79,57,92,85,256,68,107,90,60,66,127,69,105,98,97,135,432,	0,491,726,1114,1495,1691,2508,2706,3041,3182,3478,3647,3919,4144,4451,4676,4879,5243,5587,5790,
chr22	50683612	50689834	uc010hav.3	0	-	50683935	50689461	0	19	347,153,183,79,57,92,85,256,68,107,90,66,127,69,105,98,97,135,432,	0,491,726,1114,1495,1691,2508,2706,3041,3182,3478,3919,4144,4451,4676,4879,5243,5587,5790,
chr22	50683612	50689834	uc003bkh.3	0	-	50683935	50688112	0	18	347,153,183,79,57,92,85,256,68,90,60,66,127,85,105,98,135,432,	0,491,726,1114,1495,1691,2508,2706,3041,3478,3647,3919,4144,4451,4676,4879,5587,5790,
chr22	50683612	50689834	uc003bkj.3	0	-	50683612	50683612	0	14	347,153,183,79,57,92,256,68,107,69,105,98,135,432,	0,491,726,1114,1495,1691,2706,3041,3182,4451,4676,4879,5587,5790,
chr22	50685584	50686901	uc003bkk.1	0	-	50686140	50686557	0	2	990,248,	0,1069,
chr22	50688491	50699743	uc003bko.2	0	-	50691829	50699610	0	10	3418,174,79,80,72,115,48,112,59,148,	0,5134,5390,5552,5747,6022,6536,7019,8180,11104,
chr22	50688491	50700089	uc003bkm.1	0	-	50691829	50699938	0	12	3418,174,79,80,72,115,48,30,112,59,130,276,	0,5134,5390,5552,5747,6022,6536,6872,7019,8180,11104,11322,
chr22	50688491	50700089	uc003bkl.1	0	-	50691829	50699938	0	11	3418,174,79,80,72,115,48,112,59,130,276,	0,5134,5390,5552,5747,6022,6536,7019,8180,11104,11322,
chr22	50692218	50699743	uc003bkq.2	0	-	50693512	50694589	0	8	1581,79,80,72,115,48,59,148,	0,1663,1825,2020,2295,2809,4453,7377,
chr22	50695777	50700089	uc010haw.3	0	-	50696328	50699938	0	4	597,59,130,276,	0,894,3818,4036,
chr22	50702141	50708779	uc003bkr.3	0	-	50703376	50708721	0	12	1315,174,79,80,72,115,48,30,112,59,130,174,	0,1608,1869,2513,2827,3221,3414,3544,3658,3856,4107,6464,
chr22	50703223	50706878	uc010hay.1	0	-	50703223	50703223	0	11	233,174,80,72,115,48,30,112,59,130,133,	0,526,1431,1745,2139,2332,2462,2576,2774,3025,3522,
chr22	50704577	50708779	uc011art.1	0	-	50705562	50708721	0	6	900,48,30,112,130,174,	0,978,1108,1222,1671,4028,
chr22	50704577	50709340	uc010haz.2	0	-	50705006	50705892	0	7	900,48,30,112,59,130,319,	0,978,1108,1222,1420,1671,4444,
chr22	50713407	50720510	uc003bkt.1	0	-	50714132	50719826	0	17	830,75,76,65,148,161,155,85,101,157,147,67,182,230,101,383,228,	0,910,1650,1863,2612,2874,3138,3456,3617,3876,4651,5026,5510,5765,6110,6381,6875,
chr22	50713407	50720991	uc003bku.1	0	-	50714132	50720684	0	19	830,75,76,65,148,161,155,85,101,157,147,67,182,230,101,140,177,228,379,	0,910,1650,1863,2612,2874,3138,3456,3617,3876,4651,5026,5510,5765,6110,6381,6587,6875,7205,
chr22	50713407	50746001	uc003bkv.4	0	-	50714132	50729013	0	37	830,75,76,65,148,161,155,85,101,157,147,67,182,230,101,140,177,228,130,171,137,109,149,158,82,93,102,109,115,154,127,101,129,183,1081,60,20,	0,910,1650,1863,2612,2874,3138,3456,3617,3876,4651,5026,5510,5765,6110,6381,6587,6875,7205,7732,8071,8358,8623,8854,9153,9594,10821,11011,11194,12132,12688,12958,13764,13981,14538,19740,32574,
chr22	50750391	50765489	uc011arv.1	0	-	50750567	50765417	0	20	299,75,103,110,54,90,65,66,95,96,123,56,63,80,106,81,113,43,39,249,	0,380,560,1036,1483,1672,1851,2244,2437,2642,2836,3751,4062,4211,4407,5330,5945,6884,7002,14849,
chr22	50781745	50883518	uc003blc.3	0	+	50832337	50882676	0	24	234,131,243,187,138,66,113,114,127,153,210,65,116,86,81,98,58,125,164,157,89,205,252,891,	0,28703,50576,63372,71235,72775,75550,76032,78937,80145,87856,88948,91649,93050,93671,94189,94526,94857,95282,96384,96644,97505,100549,100882,
chr22	50781745	50883518	uc003bky.2	0	+	50832337	50882662	0	23	234,131,243,187,138,66,113,114,127,153,210,65,116,86,98,58,125,164,160,89,205,252,887,	0,28703,50576,63372,71235,72775,75550,76032,78937,80145,87856,88948,91649,93050,94189,94526,94857,95282,96381,96644,97505,100549,100886,
chr22	50781745	50883518	uc003bla.2	0	+	50832337	50882676	0	23	234,131,243,187,138,66,113,117,127,153,210,65,116,86,98,58,125,164,157,89,205,252,891,	0,28703,50576,63372,71235,72775,75550,76029,78937,80145,87856,88948,91649,93050,94189,94526,94857,95282,96384,96644,97505,100549,100882,
chr22	50781745	50883518	uc003bkz.2	0	+	50832337	50882676	0	23	234,131,243,187,138,66,113,114,127,153,210,65,116,86,98,58,125,164,157,89,205,252,891,	0,28703,50576,63372,71235,72775,75550,76032,78937,80145,87856,88948,91649,93050,94189,94526,94857,95282,96384,96644,97505,100549,100882,
chr22	50810448	50883518	uc003blb.2	0	+	50832337	50882676	0	25	131,126,149,243,187,138,66,113,114,127,153,210,65,116,86,81,98,58,125,164,157,89,226,252,891,	0,16966,19847,21873,34669,42532,44072,46847,47329,50234,51442,59153,60245,62946,64347,64968,65486,65823,66154,66579,67681,67941,68781,71846,72179,
chr22	50862771	50862865	uc011arw.2	0	+	50862771	50862771	0	1	94,	0,
chr22	50869601	50883518	uc003bld.2	0	+	50869799	50882676	0	13	210,65,116,86,98,58,125,164,160,89,205,252,891,	0,1092,3793,5194,6333,6670,7001,7426,8525,8788,9649,12693,13026,
chr22	50883430	50893838	uc003ble.3	0	-	50885570	50893553	0	9	2239,132,88,212,108,195,131,127,186,	0,2320,2520,3231,3541,9510,9812,10014,10222,
chr22	50883430	50904911	uc011arx.2	0	-	50885570	50904392	0	34	2239,132,88,212,108,231,131,127,186,102,180,182,138,197,208,137,179,128,196,74,173,269,159,69,150,113,205,99,129,114,78,114,109,133,	0,2320,2520,3231,3541,9510,9812,10014,10222,10479,11214,11490,14253,14468,14950,15270,15532,16157,16521,16794,16945,17203,17557,17868,18281,19327,19532,19817,19999,20213,20761,20959,21148,21348,
chr22	50883430	50913464	uc003blh.3	0	-	50885570	50913269	0	41	2239,132,88,212,108,231,131,127,186,102,180,182,78,138,197,208,137,179,128,196,74,173,269,159,69,150,113,205,99,129,114,78,114,109,133,106,111,159,138,86,250,	0,2320,2520,3231,3541,9510,9812,10014,10222,10479,11214,11490,12032,14253,14468,14950,15270,15532,16157,16521,16794,16945,17203,17557,17868,18281,19327,19532,19817,19999,20213,20761,20959,21148,21348,21603,22336,22530,22784,23374,29784,
chr22	50899587	50913464	uc003bli.2	0	-	50899587	50913269	0	23	128,196,74,173,269,159,69,150,113,205,99,129,114,78,114,109,133,106,111,162,138,86,250,	0,364,637,788,1046,1400,1711,2124,3170,3375,3660,3842,4056,4604,4802,4991,5191,5446,6179,6373,6627,7217,13627,
chr22	50919984	50924866	uc003blj.3	0	+	50920276	50921332	0	2	402,3871,	0,1011,
chr22	50920152	50924866	uc011ary.2	0	+	50920276	50921332	0	3	40,121,3871,	0,113,843,
chr22	50925212	50928750	uc003bll.1	0	+	50925326	50928285	0	10	129,81,81,163,68,110,68,50,113,574,	0,601,878,1102,1491,2256,2444,2613,2748,2964,
chr22	50925212	50928750	uc003blm.1	0	+	50925326	50928254	0	10	129,81,81,163,68,110,68,50,99,574,	0,601,878,1102,1491,2256,2444,2613,2748,2964,
chr22	50925212	50928750	uc003bln.1	0	+	50925326	50928254	0	8	129,81,81,163,100,110,68,574,	0,601,878,1102,1459,2256,2444,2964,
chr22	50941375	50946135	uc003blp.2	0	-	50941819	50946104	0	14	753,97,112,169,183,97,106,135,142,179,218,29,254,125,	0,861,1393,1612,1855,2110,2282,2456,2727,3088,3338,3691,3835,4635,
chr22	50941375	50946135	uc003blo.2	0	-	50941819	50945483	0	14	753,97,112,169,183,97,106,135,142,179,218,29,339,125,	0,861,1393,1612,1855,2110,2282,2456,2727,3088,3338,3691,3835,4635,
chr22	50946644	50958191	uc003blq.4	0	+	50946766	50957788	0	9	230,102,56,85,69,80,146,84,573,	0,8231,9211,9361,9525,9757,9917,10433,10974,
chr22	50946644	50961901	uc003blv.3	0	+	50946766	50961688	0	19	230,102,56,85,69,80,146,84,131,72,67,108,54,71,73,69,50,102,456,	0,8231,9211,9361,9525,9757,9917,10433,10974,12749,13327,13525,13770,13965,14127,14285,14455,14605,14801,
chr22	50946644	50963209	uc003blx.4	0	+	50946766	50961804	0	20	230,102,56,85,69,80,146,84,131,72,67,108,54,71,73,72,50,102,150,1546,	0,8231,9211,9361,9525,9757,9917,10433,10974,12749,13327,13525,13770,13965,14127,14282,14455,14605,14801,15019,
chr22	50946644	50963209	uc003blr.4	0	+	50946766	50961804	0	20	230,102,56,85,69,80,146,84,131,72,67,108,54,71,73,69,50,102,150,1546,	0,8231,9211,9361,9525,9757,9917,10433,10974,12749,13327,13525,13770,13965,14127,14285,14455,14605,14801,15019,
chr22	50961996	50964033	uc003bma.3	0	-	50962039	50962840	0	2	857,163,	0,1874,
chr22	50961996	50964034	uc003blz.4	0	-	50962039	50962840	0	2	857,134,	0,1904,
chr22	50961996	50964570	uc021wrz.1	0	-	50962039	50962840	0	2	857,141,	0,2433,
chr22	50961996	50964905	uc021wsa.1	0	-	50962039	50962840	0	2	857,231,	0,2678,
chr22	50962039	50962840	uc021wsb.1	0	-	50962039	50962840	0	1	801,	0,
chr22	50964180	50968514	uc003bme.5	0	-	50964198	50968138	0	10	167,156,231,163,119,130,99,203,224,182,	0,249,494,824,1413,1836,2760,3384,3744,4152,
chr22	50964180	50968514	uc003bmc.5	0	-	50964198	50968138	0	10	167,141,231,163,119,130,99,203,224,182,	0,249,494,824,1413,1836,2760,3384,3744,4152,
chr22	50964180	50968514	uc003bmd.5	0	-	50964198	50968138	0	10	167,141,231,163,119,130,99,203,236,182,	0,249,494,824,1413,1836,2760,3384,3744,4152,
chr22	50964180	50968514	uc010hbd.4	0	-	50964198	50968138	0	10	167,141,231,163,119,130,99,203,259,182,	0,249,494,824,1413,1836,2760,3384,3744,4152,
chr22	50964180	50968514	uc003bmb.5	0	-	50964198	50968138	0	9	167,141,231,163,119,130,99,203,590,	0,249,494,824,1413,1836,2760,3384,3744,
chr22	50965625	50968514	uc011arz.1	0	-	50965792	50968138	0	5	521,99,203,224,182,	0,1315,1939,2299,2707,
chr22	50968837	50970540	uc003bmg.2	0	-	50968870	50970506	0	6	152,141,122,105,133,143,	0,303,528,782,1161,1560,
chr22	50968837	50971008	uc003bmh.2	0	-	50968908	50970506	0	7	152,141,122,105,204,143,103,	0,303,528,782,1161,1560,2068,
chr22	50986461	50989452	uc003bmi.3	0	+	50986595	50988380	0	1	2991,	0,
chr22	50989540	50994861	uc003bmj.4	0	-	50989673	50994834	0	2	291,136,	0,5185,
chr22	50989540	51001328	uc010hbe.3	0	-	50989673	50994834	0	3	291,109,42,	0,5185,11746,
chr22	51007289	51016506	uc003bmk.4	0	-	51007766	51016344	0	19	221,86,93,114,153,135,165,117,106,186,196,85,108,78,138,102,178,140,303,	0,475,715,1432,2030,2297,2514,3145,3342,4014,4659,5474,5632,7174,7337,7675,7996,8463,8914,
chr22	51007289	51016894	uc003bml.3	0	-	51007766	51016344	0	20	221,86,93,114,153,135,165,117,106,186,196,85,108,78,138,102,178,140,160,80,	0,475,715,1432,2030,2297,2514,3145,3342,4014,4659,5474,5632,7174,7337,7675,7996,8463,8914,9525,
chr22	51007289	51016894	uc003bmm.3	0	-	51007766	51016344	0	19	561,93,114,153,135,165,117,106,186,196,85,108,78,138,102,178,140,160,80,	0,715,1432,2030,2297,2514,3145,3342,4014,4659,5474,5632,7174,7337,7675,7996,8463,8914,9525,
chr22	51007289	51017096	uc003bmo.3	0	-	51007766	51016344	0	20	221,86,93,114,153,135,165,117,106,186,196,85,108,78,138,102,178,140,160,119,	0,475,715,1432,2030,2297,2514,3145,3342,4014,4659,5474,5632,7174,7337,7675,7996,8463,8914,9688,
chr22	51007289	51017096	uc011asa.2	0	-	51007766	51016344	0	19	221,86,93,114,153,135,165,117,106,186,196,85,108,78,138,178,140,160,119,	0,475,715,1432,2030,2297,2514,3145,3342,4014,4659,5474,5632,7174,7337,7996,8463,8914,9688,
chr22	51007289	51017096	uc003bmn.3	0	-	51007766	51016344	0	19	561,93,114,153,135,165,117,106,186,196,85,108,78,138,102,178,140,160,119,	0,715,1432,2030,2297,2514,3145,3342,4014,4659,5474,5632,7174,7337,7675,7996,8463,8914,9688,
chr22	51007289	51017096	uc011asb.2	0	-	51007766	51016344	0	20	221,86,93,114,153,135,165,117,106,48,91,85,108,78,138,102,178,140,160,119,	0,475,715,1432,2030,2297,2514,3145,3342,4014,4764,5474,5632,7174,7337,7675,7996,8463,8914,9688,
chr22	51007289	51017936	uc003bmp.3	0	-	51007766	51014716	0	22	221,86,93,114,153,135,159,117,106,186,196,85,108,78,138,58,178,140,160,111,220,82,	0,475,715,1432,2030,2297,2514,3145,3342,4014,4659,5474,5632,7174,7337,7675,7996,8463,8914,9688,10175,10565,
chr22	51007289	51021428	uc021wsc.1	0	-	51007289	51007289	0	30	221,255,93,114,153,130,165,117,106,186,196,85,108,78,138,102,178,140,160,220,82,104,109,82,59,96,134,114,109,442,	0,306,715,1432,2030,2297,2514,3145,3342,4014,4659,5474,5632,7174,7337,7675,7996,8463,8914,10175,10565,10866,11113,11329,11497,11704,12559,12888,13388,13697,
chr22	51009427	51010882	uc003bmr.1	0	+	51009427	51009427	0	1	1455,	0,
chr22	51017386	51021253	uc003bmt.2	0	-	51017609	51019043	0	8	298,82,104,109,82,59,96,576,	0,468,769,1016,1232,1400,1607,3291,
chr22	51017386	51021428	uc003bmu.3	0	-	51017609	51020261	0	10	298,82,104,109,82,59,96,134,609,442,	0,468,769,1016,1232,1400,1607,2462,2791,3600,
chr22	51017386	51021428	uc003bmv.3	0	-	51017609	51021210	0	11	298,82,104,109,82,59,96,134,114,109,442,	0,468,769,1016,1232,1400,1607,2462,2791,3291,3600,
chr22	51021454	51022355	uc003bmw.4	0	+	51021454	51021454	0	2	298,329,	0,572,
chr22	51039130	51049979	uc003bmx.3	0	+	51039247	51049207	0	13	182,106,276,94,242,979,76,173,110,108,71,99,845,	0,1087,2521,2924,3139,3383,4665,4859,5122,5955,6218,9509,10004,
chr22	51041561	51049979	uc003bmy.3	0	+	51041561	51049207	0	11	366,94,242,979,76,173,110,108,71,99,845,	0,493,708,952,2234,2428,2691,3524,3787,7078,7573,
chr22	51043785	51049979	uc011asc.2	0	+	51044086	51049207	0	7	86,173,110,108,71,99,845,	0,204,467,1300,1563,4854,5349,
chr22	51061181	51066601	uc003bna.4	0	-	51063572	51065800	0	8	2711,103,128,125,170,219,241,228,	0,2825,3182,3400,3837,4080,4412,5192,
chr22	51061181	51066601	uc021wsd.1	0	-	51063572	51066207	0	9	2711,103,128,125,170,219,241,237,228,	0,2825,3182,3400,3837,4080,4412,4802,5192,
chr22	51061181	51066601	uc021wse.1	0	-	51063572	51066207	0	8	2711,103,128,125,170,219,241,618,	0,2825,3182,3400,3837,4080,4412,4802,
chr22	51061181	51066601	uc021wsf.1	0	-	51063572	51066207	0	9	2711,103,128,125,170,219,241,237,183,	0,2825,3182,3400,3837,4080,4412,4802,5237,
chr22	51061181	51066601	uc003bmz.5	0	-	51063572	51066207	0	9	2711,103,128,125,170,219,241,237,276,	0,2825,3182,3400,3837,4080,4412,4802,5144,
chr22	51065018	51066601	uc010hbf.3	0	-	51065461	51066201	0	2	816,618,	0,965,
chr22	51113069	51171640	uc031ryd.1	0	+	51113069	51169740	0	22	63,204,72,109,152,168,117,78,67,274,152,114,76,83,125,133,81,24,131,85,2254,2492,	0,406,1980,3943,4127,4377,4670,8698,9943,20133,22922,24048,29218,29524,30096,30322,31430,36973,40275,41027,45542,56079,
chr22	51135991	51160865	uc003bnf.2	0	+	51137206	51160863	0	10	152,114,76,83,125,133,81,131,85,2254,	0,1126,6296,6602,7174,7400,8508,17353,18105,22620,
chr22	51174256	51176567	uc003bng.3	0	-	51174256	51174256	0	2	1276,750,	0,1561,
chr22	51176651	51178787	uc010hbh.1	0	+	51176663	51178584	0	3	89,204,666,	0,1047,1470,
chr22	51176651	51183727	uc003bnh.4	0	+	51176663	51183635	0	5	89,204,284,146,647,	0,1047,1470,5837,6429,
chr22	51195513	51227614	uc011asd.2	0	+	51195513	51195513	0	4	241,175,121,437,	0,26034,28087,31664,
chr22	51195513	51238065	uc003bni.3	0	+	51195513	51195513	0	4	241,175,121,983,	0,26034,28087,41569,
chr22	51205919	51220775	uc011ase.1	0	-	51205919	51205919	0	7	1383,84,98,80,80,30,160,	0,1549,1963,8280,9178,10460,14696,
chr22	51205919	51222087	uc003bnm.1	0	-	51207203	51220722	0	10	1383,84,125,112,80,80,30,164,155,159,	0,1549,1933,2413,8280,9178,10460,14696,15399,16009,
chr22	51205919	51222087	uc011asf.1	0	-	51207203	51220722	0	10	1383,84,98,112,80,80,30,164,155,159,	0,1549,1963,2413,8280,9178,10460,14696,15399,16009,
chr22	51205919	51222087	uc003bnn.1	0	-	51207203	51220722	0	10	1383,84,98,112,80,80,30,164,248,159,	0,1549,1963,2413,8280,9178,10460,14696,15547,16009,
chr22	51205919	51222087	uc003bnk.1	0	-	51207203	51220722	0	9	1383,84,98,112,80,80,30,164,159,	0,1549,1963,2413,8280,9178,10460,14696,16009,
chr22	51205919	51222087	uc003bno.1	0	-	51207203	51220722	0	9	1383,84,95,112,80,80,30,164,159,	0,1549,1963,2413,8280,9178,10460,14696,16009,
chr22	51205919	51222087	uc011asg.1	0	-	51207203	51220722	0	9	1383,84,98,112,80,80,30,160,159,	0,1549,1963,2413,8280,9178,10460,14696,16009,
chr22	51205919	51222087	uc003bnl.1	0	-	51207203	51220722	0	9	1383,84,95,112,80,80,30,160,159,	0,1549,1963,2413,8280,9178,10460,14696,16009,
chr22	51222156	51238065	uc003bns.3	0	+	51222156	51222156	0	3	344,121,983,	0,1444,14926,
chr22	51222224	51227600	uc003bnq.1	0	+	51222224	51222224	0	4	225,121,49,278,	0,1376,4953,5098,
chr22	51222224	51227781	uc003bnr.1	0	+	51222224	51222224	0	4	225,121,49,462,	0,1376,4953,5095,
chr22	51222224	51238065	uc010hbj.3	0	+	51222224	51222224	0	3	68,121,983,	0,1376,14858,
